bypass all hinh 1
																16		8	9 10 11 12 13 14 15				31 32 33 34 35 36 37 38 39 40
[09:44:32.499] F8 F8 B0 F0 08 00 00 00 00 34 00 14 02 07 09 2C 20 00 00 80 07 24 00 01 8C 06 39 8A 01 19 BC 87 13 A5 04 84 02 E8 03 27 03 00 00 00 00 00 00 00 00 00 00 06 00 00 00 06 00 00 80 7F 20 D7 66 CA 67 
[09:44:32.999] F8 F8 B0 F0 08 00 00 00 00 34 00 14 02 07 09 2C 21 00 00 80 07 24 00 01 8C 06 39 8A 01 19 BC 87 13 A5 04 86 02 E8 03 23 03 00 00 00 00 00 00 00 00 00 00 06 00 00 00 06 00 00 84 B1 20 D7 66 F4 A7 
[09:44:33.498] F8 F8 B0 F0 08 00 00 00 00 34 00 14 02 07 09 2C 21 00 00 80 07 24 00 01 8C 06 39 8A 01 19 BC 87 13 A5 04 86 02 E8 03 23 03 00 00 00 00 00 00 00 00 00 00 06 00 00 00 06 00 00 88 E3 20 D7 66 8C B4 
[09:44:33.996] F8 F8 B0 F0 08 00 00 00 00 34 00 14 02 07 09 2C 22 00 00 80 07 24 00 01 8C 06 39 8A 01 19 BC 87 13 A5 04 86 02 E8 03 23 03 00 00 00 00 00 00 00 00 00 00 06 00 00 00 06 00 00 8C 14 21 D7 66 DD 82 
[09:44:34.496] F8 F8 B0 F0 08 00 00 00 00 34 00 14 02 07 09 2C 22 00 00 80 07 24 00 01 8C 06 39 8A 01 19 BC 87 13 A5 04 86 02 E8 03 08 03 00 00 00 00 00 00 00 00 00 00 06 00 00 00 06 00 00 90 47 21 D7 66 D1 92 
[09:44:35.000] F8 F8 B0 F0 08 00 00 00 00 34 00 14 02 07 09 2C 23 00 00 80 07 24 00 01 8C 06 39 8A 01 19 BC 87 13 A5 04 87 02 E8 03 08 03 00 00 00 00 00 00 00 00 00 00 06 00 00 00 06 00 00 94 79 21 D7 66 12 7C 
[09:44:35.500] F8 F8 B0 F0 08 00 00 00 00 34 00 14 02 07 09 2C 23 00 00 80 07 24 00 01 8C 06 39 8A 01 19 BC 87 13 A5 04 88 02 E8 03 37 03 00 00 00 00 00 00 00 00 00 00 06 00 00 00 06 00 00 98 AB 21 D7 66 FA 94 
[09:44:35.999] F8 F8 B0 F0 08 00 00 00 00 34 00 14 02 07 09 2C 24 00 00 80 07 24 00 01 8C 06 39 8A 01 19 BC 87 13 A5 04 8A 02 E8 03 37 03 00 00 00 00 00 00 00 00 00 00 06 00 00 00 06 00 00 9C DD 21 D7 66 D4 70 
[09:44:36.499] F8 F8 B0 F0 08 00 00 00 00 34 00 14 02 07 09 2C 24 00 00 80 07 24 00 01 8C 06 39 8A 01 19 BC 88 13 A5 04 89 02 E8 03 24 03 00 00 00 00 00 00 00 00 00 00 06 00 00 00 06 00 00 A0 0F 22 D7 66 41 EB 
[09:44:36.997] F8 F8 B0 F0 08 00 00 00 00 34 00 14 02 07 09 2C 25 00 00 80 07 24 00 01 8C 06 39 8A 01 19 BC 87 13 A5 04 89 02 E8 03 24 03 00 00 00 00 00 00 00 00 00 00 06 00 00 00 06 00 00 A4 40 22 D7 66 56 61 
[09:44:37.497] F8 F8 B0 F0 08 00 00 00 00 34 00 14 02 07 09 2C 25 00 00 80 07 24 00 01 8C 06 39 8A 01 19 BC 88 13 A5 04 89 02 E8 03 2D 03 00 00 00 00 00 00 00 00 00 00 06 00 00 00 06 00 00 A8 72 22 D7 66 47 C0 
[09:44:38.019] F8 F8 B0 F0 08 00 00 00 00 34 00 14 02 07 09 2C 25 00 00 80 07 24 00 01 8C 06 39 8A 01 19 BC 88 13 A5 04 88 02 E8 03 2D 03 00 00 00 00 00 00 00 00 00 00 06 00 00 00 06 00 00 AC A7 22 D7 66 93 79 
[09:44:38.519] F8 F8 B0 F0 08 00 00 00 00 34 00 14 02 07 09 2C 26 00 00 80 07 24 00 01 8C 06 39 8A 01 19 BC 87 13 A5 04 88 02 E8 03 12 03 00 00 00 00 00 00 00 00 00 00 06 00 00 00 06 00 00 B0 D9 22 D7 66 8E C9 
[09:44:39.017] F8 F8 B0 F0 08 00 00 00 00 34 00 14 02 07 09 2C 26 00 00 80 07 24 00 01 8C 06 39 8A 01 19 BC 87 13 A5 04 89 02 E8 03 12 03 00 00 00 00 00 00 00 00 00 00 06 00 00 00 06 00 00 B4 0B 23 D7 66 47 16 
[09:44:39.517] F8 F8 B0 F0 08 00 00 00 00 34 00 14 02 07 09 2C 27 00 00 80 07 24 00 01 8C 06 39 8A 01 19 BC 87 13 A5 04 88 02 E8 03 24 03 00 00 00 00 00 00 00 00 00 00 06 01 00 00 06 00 00 B8 3D 23 D7 66 DC D5 
[09:44:40.016] F8 F8 B0 F0 08 00 00 00 00 34 00 14 02 07 09 2C 27 00 00 80 07 24 00 01 8C 06 39 8A 01 19 BC 87 13 A5 04 88 02 E8 03 24 03 00 00 00 00 00 00 00 00 00 00 06 01 00 00 06 00 00 BC 6E 23 D7 66 3D B2 
[09:44:40.517] F8 F8 B0 F0 08 00 00 00 00 34 00 14 02 07 09 2C 28 00 00 80 07 24 00 01 8C 06 39 8A 01 19 BC 87 13 A5 04 88 02 E8 03 67 07 00 00 00 00 00 00 00 00 00 00 06 01 00 00 06 00 00 C0 A0 23 D7 66 31 B7 
[09:44:41.017] F8 F8 B0 F0 08 00 00 00 00 34 00 14 02 07 09 2C 28 00 00 80 07 24 00 01 8C 06 39 8A 01 19 BC 87 13 A5 04 88 02 E8 03 67 07 00 00 00 00 00 00 00 00 00 00 06 01 00 00 06 00 00 C4 D2 23 D7 66 2A 91 
[09:44:41.517] F8 F8 B0 F0 08 00 00 00 00 34 00 14 02 07 09 2C 29 00 00 80 07 24 00 01 8C 06 39 8A 01 19 BC 87 13 A5 04 87 02 E8 03 B0 05 00 00 00 00 00 00 00 00 00 00 06 01 00 00 06 00 00 C8 04 24 D7 66 7F 2A 
[09:44:42.017] F8 F8 B0 F0 08 00 00 00 00 34 00 14 02 07 09 2C 29 00 00 80 07 24 00 01 8C 06 39 8A 01 19 BC 88 13 A5 04 87 02 E8 03 B0 05 00 00 00 00 00 00 00 00 00 00 06 01 00 00 06 00 00 CC 37 24 D7 66 CD 60 
[09:44:42.520] F8 F8 B0 F0 08 00 00 00 00 34 00 14 02 07 09 2C 2A 00 00 80 07 24 00 01 8C 06 39 8A 01 19 BC 88 13 A5 04 86 02 E8 03 08 08 00 00 00 00 00 00 00 00 00 00 06 01 00 00 06 00 00 D0 69 24 D7 66 65 E9 
[09:44:43.017] F8 F8 B0 F0 08 00 00 00 00 34 00 14 02 07 09 2C 2B 00 00 80 07 24 00 01 8C 06 39 8A 01 19 BC 88 13 A5 04 87 02 E8 03 08 08 00 00 00 00 00 00 00 00 00 00 06 01 00 00 06 00 00 D4 9A 24 D7 66 84 8D 
[09:44:43.517] F8 F8 B0 F0 08 00 00 00 00 34 00 14 02 07 09 2C 2B 00 00 80 07 24 00 01 8C 06 39 8A 01 19 BC 88 13 A5 04 87 02 E8 03 1F 05 00 00 00 00 00 00 00 00 00 00 06 00 00 00 06 00 00 D8 CD 24 D7 66 97 C6 
[09:44:44.019] F8 F8 B0 F0 08 00 00 00 00 34 00 14 02 07 09 2C 2C 00 00 80 07 24 00 01 8C 06 39 8A 01 19 BC 88 13 A5 04 87 02 E8 03 1F 05 00 00 00 00 00 00 00 00 00 00 06 00 00 00 06 00 00 DC FF 24 D7 66 FC CF 
[09:44:44.519] F8 F8 B0 F0 08 00 00 00 00 34 00 14 02 07 09 2C 2C 00 00 80 07 24 00 01 8C 06 39 8A 01 19 BC 88 13 A5 04 87 02 E8 03 20 03 00 00 00 00 00 00 00 00 00 00 06 00 00 00 06 00 00 E0 31 25 D7 66 29 CD 
[09:44:45.019] F8 F8 B0 F0 08 00 00 00 00 34 00 14 02 07 09 2C 2D 00 00 80 07 24 00 01 8C 06 39 8A 01 19 BC 88 13 A5 04 87 02 E8 03 20 03 00 00 00 00 00 00 00 00 00 00 06 00 00 00 06 00 00 E4 63 25 D7 66 9E 11 
[09:44:45.519] F8 F8 B0 F0 08 00 00 00 00 34 00 14 02 07 09 2C 2D 00 00 80 07 24 00 01 8C 06 39 8A 01 19 BC 89 13 A5 04 87 02 E8 03 28 03 00 00 00 00 00 00 00 00 00 00 06 00 00 00 06 00 00 E8 95 25 D7 66 1E D3 
[09:44:46.018] F8 F8 B0 F0 08 00 00 00 00 34 00 14 02 07 09 2C 2E 00 00 80 07 24 00 01 8C 06 39 8A 01 19 BC 88 13 A5 04 87 02 E8 03 28 03 00 00 00 00 00 00 00 00 00 00 06 00 00 00 06 00 00 EC C6 25 D7 66 BE AB 
[09:44:46.518] F8 F8 B0 F0 08 00 00 00 00 34 00 14 02 07 09 2C 2E 00 00 80 07 24 00 01 8C 06 39 8A 01 19 BC 88 13 A5 04 87 02 E8 03 12 03 00 00 00 00 00 00 00 00 00 00 06 00 00 00 06 00 00 00 F9 25 D7 66 54 E5 
[09:44:47.018] F8 F8 B0 F0 08 00 00 00 00 34 00 14 02 07 09 2C 2F 00 00 80 07 24 00 01 8C 06 39 8A 01 19 BC 88 13 A5 04 86 02 E8 03 12 03 00 00 00 00 00 00 00 00 00 00 06 00 00 00 06 00 00 04 2A 26 D7 66 AB EF 
[09:44:47.517] F8 F8 B0 F0 08 00 00 00 00 34 00 14 02 07 09 2C 2F 00 00 80 07 24 00 01 8C 06 39 8A 01 19 BC 88 13 A5 04 86 02 E8 03 30 03 00 00 00 00 00 00 00 00 00 00 06 01 00 00 06 00 00 08 5C 26 D7 66 85 37 
[09:44:48.016] F8 F8 B0 F0 08 00 00 00 00 34 00 14 02 07 09 2C 30 00 00 80 07 24 00 01 8C 06 39 8A 01 19 BC 88 13 A5 04 86 02 E8 03 30 03 00 00 00 00 00 00 00 00 00 00 06 00 00 00 06 00 00 0C 8E 26 D7 66 37 72 
[09:44:48.540] F8 F8 B0 F0 08 00 00 00 00 34 00 14 02 07 09 2C 30 00 00 80 07 24 00 01 8C 06 39 8A 01 19 BC 88 13 A5 04 86 02 E8 03 0F 03 00 00 00 00 00 00 00 00 00 00 06 00 00 00 06 00 00 10 C0 26 D7 66 45 DC 
[09:44:49.015] F8 F8 B0 F0 08 00 00 00 00 34 00 14 02 07 09 2C 30 00 00 80 07 24 00 01 8C 06 39 8A 01 19 BC 88 13 A5 04 86 02 E8 03 0F 03 00 00 00 00 00 00 00 00 00 00 06 00 00 00 06 00 00 14 F2 26 D7 66 C2 94 
[09:44:49.539] F8 F8 B0 F0 08 00 00 00 00 34 00 14 02 07 09 2C 31 00 00 80 07 24 00 01 8C 06 39 8A 01 19 BC 89 13 A5 04 85 02 E8 03 1F 03 00 00 00 00 00 00 00 00 00 00 06 00 00 00 06 00 00 18 27 27 D7 66 D4 85 
[09:44:50.037] F8 F8 B0 F0 08 00 00 00 00 34 00 14 02 07 09 2C 31 00 00 80 07 24 00 01 8C 06 39 8A 01 19 BC 89 13 A5 04 85 02 E8 03 30 03 00 00 00 00 00 00 00 00 00 00 06 00 00 00 06 00 00 1C 58 27 D7 66 DF 37 
[09:44:50.537] F8 F8 B0 F0 08 00 00 00 00 34 00 14 02 07 09 2C 32 00 00 80 07 24 00 01 8C 06 39 8A 01 19 BC 89 13 A5 04 84 02 E8 03 30 03 00 00 00 00 00 00 00 00 00 00 06 00 00 00 06 00 00 20 8A 27 D7 66 E2 97 
[09:44:51.035] F8 F8 B0 F0 08 00 00 00 00 34 00 14 02 07 09 2C 32 00 00 80 07 24 00 01 8C 06 39 8A 01 19 BC 89 13 A5 04 84 02 E8 03 2A 03 00 00 00 00 00 00 00 00 00 00 06 00 00 00 06 00 00 24 BC 27 D7 66 F8 93 
[09:44:51.536] F8 F8 B0 F0 08 00 00 00 00 34 00 14 02 07 09 2C 33 00 00 80 07 24 00 01 8C 06 39 8A 01 19 BC 89 13 A5 04 83 02 E8 03 2A 03 00 00 00 00 00 00 00 00 00 00 06 00 00 00 06 00 
[09:44:52.535] F8 F8 B0 F0 08 00 00 00 00 34 00 14 02 07 09 2C 34 00 00 80 07 24 00 01 8C 06 39 8A 01 19 BC 89 13 A5 04 81 02 E8 03 19 03 00 00 00 00 00 00 00 00 00 00 06 00 00 00 06 00 00 30 52 28 D7 66 1F B7 
[09:44:53.035] F8 F8 B0 F0 08 00 00 00 00 34 00 14 02 07 09 2C 34 00 00 80 07 24 00 01 8C 06 39 8A 01 19 BC 89 13 A5 04 81 02 E8 03 13 03 00 00 00 00 00 00 00 00 00 00 06 00 00 00 06 00 00 34 84 28 D7 66 BC 77 
[09:44:53.536] F8 F8 B0 F0 08 00 00 00 00 34 00 14 02 07 09 2C 35 00 00 80 07 24 00 01 8C 06 39 8A 01 19 BC 89 13 A5 04 81 02 E8 03 13 03 00 00 00 00 00 00 00 00 00 00 06 00 00 00 06 00 00 38 B7 28 D7 66 40 86 
[09:44:54.039] F8 F8 B0 F0 08 00 00 00 00 34 00 14 02 07 09 2C 35 00 00 80 07 24 00 01 8C 06 39 8A 01 19 BC 88 13 A5 04 7F 02 E8 03 25 03 00 00 00 00 00 00 00 00 00 00 06 00 00 00 06 00 00 3C E9 28 D7 66 3B 6B 
[09:44:54.539] F8 F8 B0 F0 08 00 00 00 00 34 00 14 02 07 09 2C 36 00 00 80 07 24 00 01 8C 06 39 8A 01 19 BC 88 13 A5 04 7F 02 E8 03 25 03 00 00 00 00 00 00 00 00 00 00 06 00 00 00 06 00 00 40 1A 29 D7 66 30 88 
[09:44:55.039] F8 F8 B0 F0 08 00 00 00 00 34 00 14 02 07 09 2C 37 00 00 80 07 24 00 01 8C 06 39 8A 01 19 BC 88 13 A5 04 7F 02 E8 03 11 03 00 00 00 00 00 00 00 00 00 00 06 00 00 00 06 00 00 44 4C 29 D7 66 8F 82 
[09:44:55.540] F8 F8 B0 F0 08 00 00 00 00 34 00 14 02 07 09 2C 37 00 00 80 07 24 00 01 8C 06 39 8A 01 19 BC 87 13 A5 04 7F 02 E8 03 11 03 00 00 00 00 00 00 00 00 00 00 06 00 00 00 06 00 00 48 7E 29 D7 66 A4 BC 
[09:44:56.039] F8 F8 B0 F0 08 00 00 00 00 34 00 14 02 07 09 2C 38 00 00 80 07 24 00 01 8C 06 39 8A 01 19 BC 87 13 A5 04 80 02 E8 03 22 03 00 00 00 00 00 00 00 00 00 00 06 00 00 00 06 00 00 4C B0 29 D7 66 A7 4F 
[09:44:56.537] F8 F8 B0 F0 08 00 00 00 00 34 00 14 02 07 09 2C 38 00 00 80 07 24 00 01 8C 06 39 8A 01 19 BC 87 13 A5 04 80 02 E8 03 22 03 00 00 00 00 00 00 00 00 00 00 06 00 00 00 06 00 00 50 E2 29 D7 66 85 58 
[09:44:57.037] F8 F8 B0 F0 08 00 00 00 00 34 00 14 02 07 09 2C 39 00 00 80 07 24 00 01 8C 06 39 8A 01 19 BC 87 13 A5 04 80 02 E8 03 2C 03 00 00 00 00 00 00 00 00 00 00 06 00 00 00 06 00 00 54 14 2A D7 66 D6 E7 
[09:44:57.539] F8 F8 B0 F0 08 00 00 00 00 34 00 14 02 07 09 2C 39 00 00 80 07 24 00 01 8C 06 39 8A 01 19 BC 88 13 A5 04 80 02 E8 03 2C 03 00 00 00 00 00 00 00 00 00 00 06 00 00 00 06 00 00 58 46 2A D7 66 2F 80 
[09:44:58.039] F8 F8 B0 F0 08 00 00 00 00 34 00 14 02 07 09 2C 3A 00 00 80 07 24 00 01 8C 06 39 8A 01 19 BC 88 13 A5 04 81 02 E8 03 27 03 00 00 00 00 00 00 00 00 00 00 06 00 00 00 06 00 00 5C 78 2A D7 66 35 14 
[09:44:58.538] F8 F8 B0 F0 08 00 00 00 00 34 00 14 02 07 09 2C 3A 00 00 80 07 24 00 01 8C 06 39 8A 01 19 BC 87 13 A5 04 80 02 E8 03 27 03 00 00 00 00 00 00 00 00 00 00 06 00 00 00 06 00 
[09:44:59.535] F8 F8 B0 F0 08 00 00 00 00 34 00 14 02 07 09 2C 3B 00 00 80 07 24 00 01 8C 06 39 8A 01 19 BC 88 13 A5 04 82 02 E8 03 21 03 00 00 00 00 00 00 00 00 00 00 06 00 00 00 06 00 00 68 0E 2B D7 66 55 D1 
[09:45:00.036] F8 F8 B0 F0 08 00 00 00 00 34 00 14 02 07 09 2D 00 00 00 80 07 24 00 01 8C 06 39 8A 01 19 BC 88 13 A5 04 82 02 E8 03 17 03 00 00 00 00 00 00 00 00 00 00 06 00 00 00 06 00 00 6C 40 2B D7 66 AE 65 
[09:45:00.539] F8 F8 B0 F0 08 00 00 00 00 34 00 14 02 07 09 2D 00 00 00 80 07 24 00 01 8C 06 39 8A 01 19 BC 88 13 A5 04 83 02 E8 03 17 03 00 00 00 00 00 00 00 00 00 00 06 00 00 00 06 00 00 70 72 2B D7 66 CA 0F 
[09:45:01.055] F8 F8 B0 F0 08 00 00 00 00 34 00 14 02 07 09 2D 01 00 00 80 07 24 00 01 8C 06 39 8A 01 19 BC 88 13 A5 04 83 02 E8 03 2C 03 00 00 00 00 00 00 00 00 00 00 06 00 00 00 06 00 00 74 A6 2B D7 66 15 18 
[09:45:01.561] F8 F8 B0 F0 08 00 00 00 00 34 00 14 02 07 09 2D 01 00 00 80 07 24 00 01 8C 06 39 8A 01 19 BC 87 13 A5 04 84 02 E8 03 2C 03 00 00 00 00 00 00 00 00 00 00 06 01 00 00 06 00 00 78 D8 2B D7 66 35 20 
[09:45:02.060] F8 F8 B0 F0 08 00 00 00 00 34 00 14 02 07 09 2D 01 00 00 80 07 24 00 01 8C 06 39 8A 01 19 BC 87 13 A5 04 84 02 E8 03 10 03 00 00 00 00 00 00 00 00 00 00 06 00 00 00 06 00 00 7C 0A 2C D7 66 41 05 
[09:45:02.559] F8 F8 B0 F0 08 00 00 00 00 34 00 14 02 07 09 2D 02 00 00 80 07 24 00 01 8C 06 39 8A 01 19 BC 87 13 A5 04 86 02 E8 03 10 03 00 00 00 00 00 00 00 00 00 00 06 00 00 00 06 00 00 80 3C 2C D7 66 63 B5 
[09:45:03.057] F8 F8 B0 F0 08 00 00 00 00 34 00 14 02 07 09 2D 02 00 00 80 07 24 00 01 8C 06 39 8A 01 19 BC 87 13 A5 04 85 02 E8 03 10 03 00 00 00 00 00 00 00 00 00 00 06 00 00 00 06 00 00 84 6E 2C D7 66 8A C9 
[09:45:03.558] F8 F8 B0 F0 08 00 00 00 00 34 00 14 02 07 09 2D 03 00 00 80 07 24 00 01 8C 06 39 8A 01 19 BC 87 13 A5 04 86 02 E8 03 34 03 00 00 00 00 00 00 00 00 00 00 06 00 00 00 06 00 00 88 A0 2C D7 66 AB AF 
[09:45:04.559] F8 F8 B0 F0 08 00 00 00 00 34 00 14 02 07 09 2D 04 00 00 80 07 24 00 01 8C 06 39 8A 01 19 BC 87 13 A5 04 86 02 E8 03 15 03 00 00 00 00 00 00 00 00 00 00 06 00 00 00 06 00 00 90 04 2D D7 66 22 48 
[09:45:05.055] F8 F8 B0 F0 08 00 00 00 00 34 00 14 02 07 09 2D 04 00 00 80 07 24 00 01 8C 06 39 8A 01 19 BC 87 13 A5 04 86 02 E8 03 15 03 00 00 00 00 00 00 00 00 00 00 06 00 00 00 06 00 00 94 36 2D D7 66 A5 00 
[09:45:05.556] F8 F8 B0 F0 08 00 00 00 00 34 00 14 02 07 09 2D 05 00 00 80 07 24 00 01 8C 06 39 8A 01 19 BC 87 13 A5 04 85 02 E8 03 28 03 00 00 00 00 00 00 00 00 00 00 06 00 00 00 06 00 00 98 68 2D D7 66 72 7F 
[09:45:06.081] F8 F8 B0 F0 08 00 00 00 00 34 00 14 02 07 09 2D 06 00 00 80 07 24 00 01 8C 06 39 8A 01 19 BC 87 13 A5 04 85 02 E8 03 28 03 00 00 00 00 00 00 00 00 00 00 06 00 00 00 06 00 00 9C 9C 2D D7 66 CF E5 
[09:45:06.557] F8 F8 B0 F0 08 00 00 00 00 34 00 14 02 07 09 2D 06 00 00 80 07 24 00 01 8C 06 39 8A 01 19 BC 87 13 A5 04 86 02 E8 03 19 03 00 00 00 00 00 00 00 00 00 00 06 00 00 00 06 00 00 A0 CC 2D D7 66 7B 8D 
[09:45:07.560] F8 F8 B0 F0 08 00 00 00 00 34 00 14 02 07 09 2D 07 00 00 80 07 24 00 01 8C 06 39 8A 01 19 BC 87 13 A5 04 87 02 E8 03 26 03 00 00 00 00 00 00 00 00 00 00 06 00 00 00 06 00 00 A8 30 2E D7 66 CA 02 
[09:45:08.060] F8 F8 B0 F0 08 00 00 00 00 34 00 14 02 07 09 2D 08 00 00 80 07 24 00 01 8C 06 39 8A 01 19 BC 87 13 A5 04 87 02 E8 03 26 03 00 00 00 00 00 00 00 00 00 00 06 00 00 00 06 00 00 AC 62 2E D7 66 A5 5D 
[09:45:08.559] F8 F8 B0 F0 08 00 00 00 00 34 00 14 02 07 09 2D 08 00 00 80 07 24 00 01 8C 06 39 8A 01 19 BC 87 13 A5 04 87 02 E8 03 29 03 00 00 00 00 00 00 00 00 00 00 06 00 00 00 06 00 00 B0 94 2E D7 66 30 47 
[09:45:09.055] F8 F8 B0 F0 08 00 00 00 00 34 00 14 02 07 09 2D 09 00 00 80 07 24 00 01 8C 06 39 8A 01 19 BC 87 13 A5 04 86 02 E8 03 29 03 00 00 00 00 00 00 00 00 00 00 06 00 00 00 06 00 00 B4 C6 2E D7 66 13 BF 
[09:45:09.555] F8 F8 B0 F0 08 00 00 00 00 34 00 14 02 07 09 2D 09 00 00 80 07 24 00 01 8C 06 39 8A 01 19 BC 87 13 A5 04 87 02 E8 03 22 03 00 00 00 00 00 00 00 00 00 00 06 00 00 00 06 00 00 B8 F8 2E D7 66 23 6F 
[09:45:10.056] F8 F8 B0 F0 08 00 00 00 00 34 00 14 02 07 09 2D 0A 00 00 80 07 24 00 01 8C 06 39 8A 01 19 BC 87 13 A5 04 87 02 E8 03 22 03 00 00 00 00 00 00 00 00 00 00 06 01 00 00 06 00 00 BC 2A 2F D7 66 30 0A 
[09:45:11.060] F8 F8 B0 F0 08 00 00 00 00 34 00 14 02 07 09 2D 0B 00 00 80 07 24 00 01 8C 06 39 8A 01 19 BC 87 13 A5 04 86 02 E8 03 6B 07 00 00 00 00 00 00 00 00 00 00 06 01 00 00 06 00 00 C4 8E 2F D7 66 30 D6 
[09:45:11.560] F8 F8 B0 F0 08 00 00 00 00 34 00 14 02 07 09 2D 0B 00 00 80 07 24 00 01 8C 06 39 8A 01 19 BC 87 13 A5 04 88 02 E8 03 AB 05 00 00 00 00 00 00 00 00 00 00 06 01 00 00 06 00 00 C8 C0 2F D7 66 85 87 
[09:45:12.057] F8 F8 B0 F0 08 00 00 00 00 34 00 14 02 07 09 2D 0B 00 00 80 07 24 00 01 8C 06 39 8A 01 19 BC 88 13 A5 04 89 02 E8 03 AB 05 00 00 00 00 00 00 00 00 00 00 06 01 00 00 06 00 00 CC F2 2F D7 66 17 9F 
[09:45:12.572] F8 F8 B0 F0 08 00 00 00 00 34 00 14 02 07 09 2D 0C 00 00 80 07 24 00 01 8C 06 39 8A 01 19 BC 88 13 A5 04 88 02 E8 03 35 08 00 00 00 00 00 00 00 00 00 00 06 01 00 00 06 00 00 D0 26 30 D7 66 39 F9 
[09:45:13.076] F8 F8 B0 F0 08 00 00 00 00 34 00 14 02 07 09 2D 0C 00 00 80 07 24 00 01 8C 06 39 8A 01 19 BC 88 13 A5 04 88 02 E8 03 35 08 00 00 00 00 00 00 00 00 00 00 06 00 00 00 06 00 00 D4 58 30 D7 66 59 48 
[09:45:13.577] F8 F8 B0 F0 08 00 00 00 00 34 00 14 02 07 09 2D 0D 00 00 80 07 24 00 01 8C 06 39 8A 01 19 BC 88 13 A5 04 86 02 E8 03 D3 04 00 00 00 00 00 00 00 00 00 00 06 00 00 00 06 00 00 D8 8A 30 D7 66 2F 39 
[09:45:14.079] F8 F8 B0 F0 08 00 00 00 00 34 00 14 02 07 09 2D 0D 00 00 80 07 24 00 01 8C 06 39 8A 01 19 BC 88 13 A5 04 87 02 E8 03 D3 04 00 00 00 00 00 00 00 00 00 00 06 00 00 00 06 00 00 DC BC 30 D7 66 CD 9F 
[09:45:14.577] F8 F8 B0 F0 08 00 00 00 00 34 00 14 02 07 09 2D 0E 00 00 80 07 24 00 01 8C 06 39 8A 01 19 BC 88 13 A5 04 87 02 E8 03 17 03 00 00 00 00 00 00 00 00 00 00 06 00 00 00 06 00 00 E0 EE 30 D7 66 F7 02 
[09:45:15.077] F8 F8 B0 F0 08 00 00 00 00 34 00 14 02 07 09 2D 0E 00 00 80 07 24 00 01 8C 06 39 8A 01 19 BC 89 13 A5 04 89 02 E8 03 17 03 00 00 00 00 00 00 00 00 00 00 06 00 00 00 06 00 00 E4 20 31 D7 66 80 1B 
[09:45:15.576] F8 F8 B0 F0 08 00 00 00 00 34 00 14 02 07 09 2D 0F 00 00 80 07 24 00 01 8C 06 39 8A 01 19 BC 89 13 A5 04 87 02 E8 03 09 03 00 00 00 00 00 00 00 00 00 00 06 00 00 00 06 00 00 E8 52 31 D7 66 CD 47 
[09:45:16.076] F8 F8 B0 F0 08 00 00 00 00 34 00 14 02 07 09 2D 0F 00 00 80 07 24 00 01 8C 06 39 8A 01 19 BC 88 13 A5 04 88 02 E8 03 09 03 00 00 00 00 00 00 00 00 00 00 06 01 00 00 06 00 00 EC 84 31 D7 66 33 0B 
[09:45:16.577] F8 F8 B0 F0 08 00 00 00 00 34 00 14 02 07 09 2D 10 00 00 80 07 24 00 01 8C 06 39 8A 01 19 BC 88 13 A5 04 87 02 E8 03 1E 03 00 00 00 00 00 00 00 00 00 00 06 00 00 00 06 00 00 00 B6 31 D7 66 7D FD 
[09:45:17.077] F8 F8 B0 F0 08 00 00 00 00 34 00 14 02 07 09 2D 11 00 00 80 07 24 00 01 8C 06 39 8A 01 19 BC 89 13 A5 04 88 02 E8 03 1E 03 00 00 00 00 00 00 00 00 00 00 06 00 00 00 06 00 00 04 E8 31 D7 66 D3 FC 
[09:45:17.577] F8 F8 B0 F0 08 00 00 00 00 34 00 14 02 07 09 2D 11 00 00 80 07 24 00 01 8C 06 39 8A 01 19 BC 88 13 A5 04 87 02 E8 03 18 03 00 00 00 00 00 00 00 00 00 00 06 00 00 00 06 00 00 08 1A 32 D7 66 AC 7C 
[09:45:18.077] F8 F8 B0 F0 08 00 00 00 00 34 00 14 02 07 09 2D 12 00 00 80 07 24 00 01 8C 06 39 8A 01 19 BC 88 13 A5 04 86 02 E8 03 1D 03 00 00 00 00 00 00 00 00 00 00 06 00 00 00 06 00 00 0C 4C 32 D7 66 94 2E 
[09:45:18.578] F8 F8 B0 F0 08 00 00 00 00 34 00 14 02 07 09 2D 12 00 00 80 07 24 00 01 8C 06 39 8A 01 19 BC 88 13 A5 04 86 02 E8 03 1D 03 00 00 00 00 00 00 00 00 00 00 06 01 00 00 06 00 00 10 7E 32 D7 66 2D B8 
[09:45:19.078] F8 F8 B0 F0 08 00 00 00 00 34 00 14 02 07 09 2D 13 00 00 80 07 24 00 01 8C 06 39 8A 01 19 BC 88 13 A5 04 87 02 E8 03 27 03 00 00 00 00 00 00 00 00 00 00 06 00 00 00 06 00 00 14 B0 32 D7 66 20 17 
[09:45:19.577] F8 F8 B0 F0 08 00 00 00 00 34 00 14 02 07 09 2D 13 00 00 80 07 24 00 01 8C 06 39 8A 01 19 BC 87 13 A5 04 87 02 E8 03 27 03 00 00 00 00 00 00 00 00 00 00 06 00 00 00 06 00 00 18 E2 32 D7 66 D9 70 
[09:45:20.076] F8 F8 B0 F0 08 00 00 00 00 34 00 14 02 07 09 2D 14 00 00 80 07 24 00 01 8C 06 39 8A 01 19 BC 87 13 A5 04 87 02 E8 03 27 03 00 00 00 00 00 00 00 00 00 00 06 00 00 00 06 00 00 1C 14 33 D7 66 D7 37 
[09:45:20.576] F8 F8 B0 F0 08 00 00 00 00 34 00 14 02 07 09 2D 14 00 00 80 07 24 00 01 8C 06 39 8A 01 19 BC 87 13 A5 04 86 02 E8 03 27 03 00 00 00 00 00 00 00 00 00 00 06 00 00 00 06 00 00 20 46 33 D7 66 D5 0C 
[09:45:21.077] F8 F8 B0 F0 08 00 00 00 00 34 00 14 02 07 09 2D 15 00 00 80 07 24 00 01 8C 06 39 8A 01 19 BC 87 13 A5 04 85 02 E8 03 15 03 00 00 00 00 00 00 00 00 00 00 06 00 00 00 06 00 00 24 78 33 D7 66 CD 05 
[09:45:21.581] F8 F8 B0 F0 08 00 00 00 00 34 00 14 02 07 09 2D 15 00 00 80 07 24 00 01 8C 06 39 8A 01 19 BC 87 13 A4 04 85 02 E8 03 15 03 00 00 00 00 00 00 00 00 00 00 06 00 00 00 06 00 00 28 AA 33 D7 66 92 C2 
[09:45:22.080] F8 F8 B0 F0 08 00 00 00 00 34 00 14 02 07 09 2D 16 00 00 80 07 24 00 01 8C 06 39 8A 01 19 BC 87 13 A4 04 84 02 E8 03 1E 03 00 00 00 00 00 00 00 00 00 00 06 00 00 00 06 00 00 2C DC 33 D7 66 D7 BD 
[09:45:22.596] F8 F8 B0 F0 08 00 00 00 00 34 00 14 02 07 09 2D 17 00 00 80 07 24 00 01 8C 06 39 8A 01 19 BC 87 13 A4 04 84 02 E8 03 1E 03 00 00 00 00 00 00 00 00 00 00 06 00 00 00 06 00 00 30 0E 34 D7 66 BF 3F 
[09:45:23.078] F8 F8 B0 F0 08 00 00 00 00 34 00 14 02 07 09 2D 17 00 00 80 07 24 00 01 8C 06 39 8A 01 19 BC 87 13 A5 04 85 02 E8 03 22 03 00 00 00 00 00 00 00 00 00 00 06 00 00 00 06 00 00 34 40 34 D7 66 34 E3 
[09:45:23.579] F8 F8 B0 F0 08 00 00 00 00 34 00 14 02 07 09 2D 17 00 00 80 07 24 00 01 8C 06 39 8A 01 19 BC 87 13 A4 04 84 02 E8 03 22 03 00 00 00 00 00 00 00 00 00 00 06 00 00 00 06 00 00 38 72 34 D7 66 15 84 
[09:45:24.095] F8 F8 B0 F0 08 00 00 00 00 34 00 14 02 07 09 2D 17 00 00 80 07 24 00 01 8C 06 39 8A 01 19 BC 87 13 A5 04 84 02 E8 03 0F 03 00 00 00 00 00 00 00 00 00 00 06 01 00 00 06 00 00 3D A6 34 D7 66 76 D7 
[09:45:24.596] F8 F8 B0 F0 08 00 00 00 00 34 00 14 02 07 09 2D 18 00 00 80 07 24 00 01 8C 06 39 8A 01 19 BC 87 13 A4 04 85 02 E8 03 0F 03 00 00 00 00 00 00 00 00 00 00 06 00 00 00 06 00 00 41 D8 34 D7 66 0C 1A 
[09:45:25.097] F8 F8 B0 F0 08 00 00 00 00 34 00 14 02 07 09 2D 18 00 00 80 07 24 00 01 8C 06 39 8A 01 19 BC 87 13 A4 04 86 02 E8 03 28 03 00 00 00 00 00 00 00 00 00 00 06 00 00 00 06 00 00 45 0A 35 D7 66 42 89 
[09:45:25.598] F8 F8 B0 F0 08 00 00 00 00 34 00 14 02 07 09 2D 19 00 00 80 07 24 00 01 8C 06 39 8A 01 19 BC 87 13 A5 04 85 02 E8 03 28 03 00 00 00 00 00 00 00 00 00 00 06 00 00 00 06 00 00 49 3C 35 D7 66 58 A0 
[09:45:26.097] F8 F8 B0 F0 08 00 00 00 00 34 00 14 02 07 09 2D 19 00 00 80 07 24 00 01 8C 06 39 8A 01 19 BC 87 13 A5 04 86 02 E8 03 2B 03 00 00 00 00 00 00 00 00 00 00 06 00 00 00 06 00 00 4D 6E 35 D7 66 B4 85 
[09:45:28.595] F8 F8 B0 F0 08 00 00 00 00 34 00 14 02 07 09 2D 1C 00 00 80 07 24 00 01 8C 06 39 8A 01 19 BC 88 13 A5 04 88 02 E8 03 1D 03 00 00 00 00 00 00 00 00 00 00 06 00 00 00 06 00 00 61 68 36 D7 66 6C 5B 
[09:45:29.096] F8 F8 B0 F0 08 00 00 00 00 34 00 14 02 07 09 2D 1D 00 00 80 07 24 00 01 8C 06 39 8A 01 19 BC 87 13 A5 04 88 02 E8 03 1D 03 00 00 00 00 00 00 00 00 00 00 06 00 00 00 06 00 00 65 9A 36 D7 66 2C 19 
[09:45:29.596] F8 F8 B0 F0 08 00 00 00 00 34 00 14 02 07 09 2D 1D 00 00 80 07 24 00 01 8C 06 39 8A 01 19 BC 88 13 A5 04 88 02 E8 03 35 03 00 00 00 00 00 00 00 00 00 00 06 00 00 00 06 00 00 69 CC 36 D7 66 BB 9C 
[09:45:30.099] F8 F8 B0 F0 08 00 00 00 00 34 00 14 02 07 09 2D 1E 00 00 80 07 24 00 01 8C 06 39 8A 01 19 BC 88 13 A5 04 89 02 E8 03 35 03 00 00 00 00 00 00 00 00 00 00 06 00 00 00 06 00 00 6D FE 36 D7 66 AF B6 
[09:45:30.599] F8 F8 B0 F0 08 00 00 00 00 34 00 14 02 07 09 2D 1E 00 00 80 07 24 00 01 8C 06 39 8A 01 19 BC 87 13 A5 04 89 02 E8 03 24 03 00 00 00 00 00 00 00 00 00 00 06 00 00 00 06 00 00 71 30 37 D7 66 C1 1C 
[09:45:31.098] F8 F8 B0 F0 08 00 00 00 00 34 00 14 02 07 09 2D 1F 00 00 80 07 24 00 01 8C 06 39 8A 01 19 BC 87 13 A5 04 88 02 E8 03 24 03 00 00 00 00 00 00 00 00 00 00 06 00 00 00 06 00 00 75 62 37 D7 66 E2 E4 
[09:45:31.598] F8 F8 B0 F0 08 00 00 00 00 34 00 14 02 07 09 2D 1F 00 00 80 07 24 00 01 8C 06 39 8A 01 19 BC 87 13 A5 04 88 02 E8 03 0A 03 00 00 00 00 00 00 00 00 00 00 06 00 00 00 06 00 00 79 94 37 D7 66 88 4D 
[09:45:32.099] F8 F8 B0 F0 08 00 00 00 00 34 00 14 02 07 09 2D 20 00 00 80 07 24 00 01 8C 06 39 8A 01 19 BC 87 13 A5 04 88 02 E8 03 0A 03 00 00 00 00 00 00 00 00 00 00 06 00 00 00 06 00 00 7D C6 37 D7 66 13 32 
[09:45:32.600] F8 F8 B0 F0 08 00 00 00 00 34 00 14 02 07 09 2D 20 00 00 80 07 24 00 01 8C 06 39 8A 01 19 BC 87 13 A5 04 88 02 E8 03 1D 03 00 00 00 00 00 00 00 00 00 00 06 00 00 00 06 00 00 81 F8 37 D7 66 87 CD 
[09:45:34.599] F8 F8 B0 F0 08 00 00 00 00 34 00 14 02 07 09 2D 22 00 00 80 07 24 00 01 8C 06 39 8A 01 19 BC 87 13 A5 04 8A 02 E8 03 22 03 00 00 00 00 00 00 00 00 00 00 06 01 00 00 06 00 00 91 C0 38 D7 66 87 BB 
[09:45:35.099] F8 F8 B0 F0 08 00 00 00 00 34 00 14 02 07 09 2D 22 00 00 80 07 24 00 01 8C 06 39 8A 01 19 BC 87 13 A5 04 8A 02 E8 03 22 03 00 00 00 00 00 00 00 00 00 00 06 00 00 00 06 00 00 95 F2 38 D7 66 49 2B 
[09:45:36.616] F8 F8 B0 F0 08 00 00 00 00 34 00 14 02 07 09 2D 24 00 00 80 07 24 00 01 8C 06 39 8A 01 19 BC 88 13 A5 04 8C 02 E8 03 1C 03 00 00 00 00 00 00 00 00 00 00 06 00 00 00 06 00 00 A1 8A 39 D7 66 16 A7 
[09:45:37.116] F8 F8 B0 F0 08 00 00 00 00 34 00 14 02 07 09 2D 24 00 00 80 07 24 00 01 8C 06 39 8A 01 19 BC 88 13 A5 04 8D 02 E8 03 1C 03 00 00 00 00 00 00 00 00 00 00 06 00 00 00 06 00 00 A5 BC 39 D7 66 F4 01 
[09:45:37.616] F8 F8 B0 F0 08 00 00 00 00 34 00 14 02 07 09 2D 25 00 00 80 07 24 00 01 8C 06 39 8A 01 19 BC 88 13 A5 04 8D 02 E8 03 1B 03 00 00 00 00 00 00 00 00 00 00 06 01 00 00 06 00 00 A9 EE 39 D7 66 2E 82 
[09:45:38.120] F8 F8 B0 F0 08 00 00 00 00 34 00 14 02 07 09 2D 25 00 00 80 07 24 00 01 8C 06 39 8A 01 19 BC 87 13 A5 04 8D 02 E8 03 1B 03 00 00 00 00 00 00 00 00 00 00 06 00 00 00 06 00 00 AD 20 3A D7 66 4E EF 
[09:45:38.617] F8 F8 B0 F0 08 00 00 00 00 34 00 14 02 07 09 2D 26 00 00 80 07 24 00 01 8C 06 39 8A 01 19 BC 88 13 A5 04 8E 02 E8 03 25 03 00 00 00 00 00 00 00 00 00 00 06 00 00 00 06 00 00 B1 52 3A D7 66 DE 4A 
[09:45:39.140] F8 F8 B0 F0 08 00 00 00 00 34 00 14 02 07 09 2D 27 00 00 80 07 24 00 01 8C 06 39 8A 01 19 BC 88 13 A5 04 8E 02 E8 03 25 03 00 00 00 00 00 00 00 00 00 00 06 00 00 00 06 00 00 B5 84 3A D7 66 A0 81 
[09:45:39.619] F8 F8 B0 F0 08 00 00 00 00 34 00 14 02 07 09 2D 27 00 00 80 07 24 00 01 8C 06 39 8A 01 19 BC 88 13 A5 04 8D 02 E8 03 41 03 00 00 00 00 00 00 00 00 00 00 06 00 00 00 06 00 00 B9 B6 3A D7 66 71 EB 
[09:45:40.120] F8 F8 B0 F0 08 00 00 00 00 34 00 14 02 07 09 2D 28 00 00 80 07 24 00 01 8C 06 39 8A 01 19 BC 88 13 A5 04 8D 02 E8 03 41 03 00 00 00 00 00 00 00 00 00 00 06 01 00 00 06 00 00 BD E8 3A D7 66 65 23 
[09:45:40.616] F8 F8 B0 F0 08 00 00 00 00 34 00 14 02 07 09 2D 28 00 00 80 07 24 00 01 8C 06 39 8A 01 19 BC 88 13 A5 04 8D 02 E8 03 41 07 00 00 00 00 00 00 00 00 00 00 06 01 00 00 06 00 00 C1 19 3B D7 66 0C EF 
[09:45:41.115] F8 F8 B0 F0 08 00 00 00 00 34 00 14 02 07 09 2D 29 00 00 80 07 24 00 01 8C 06 39 8A 01 19 BC 89 13 A5 04 8D 02 E8 03 41 07 00 00 00 00 00 00 00 00 00 00 06 01 00 00 06 00 00 C5 4B 3B D7 66 FD 6A 
[09:45:41.616] F8 F8 B0 F0 08 00 00 00 00 34 00 14 02 07 09 2D 29 00 00 80 07 24 00 01 8C 06 39 8A 01 19 BC 89 13 A5 04 8D 02 E8 03 B4 05 00 00 00 00 00 00 00 00 00 00 06 00 00 00 06 00 00 C9 7E 3B D7 66 68 7B 
[09:45:42.121] F8 F8 B0 F0 08 00 00 00 00 34 00 14 02 07 09 2D 2A 00 00 80 07 24 00 01 8C 06 39 8A 01 19 BC 88 13 A5 04 8C 02 E8 03 B4 05 00 00 00 00 00 00 00 00 00 00 06 00 00 00 06 00 00 CD B0 3B D7 66 45 D8 
[09:45:42.618] F8 F8 B0 F0 08 00 00 00 00 34 00 14 02 07 09 2D 2A 00 00 80 07 24 00 01 8C 06 39 8A 01 19 BC 88 13 A5 04 8D 02 E8 03 87 08 00 00 00 00 00 00 00 00 00 00 06 00 00 00 06 00 00 D1 E2 3B D7 66 3E 8B 
[09:45:43.117] F8 F8 B0 F0 08 00 00 00 00 34 00 14 02 07 09 2D 2B 00 00 80 07 24 00 01 8C 06 39 8A 01 19 BC 88 13 A5 04 8C 02 E8 03 87 08 00 00 00 00 00 00 00 00 00 00 06 01 00 00 06 00 00 D5 14 3C D7 66 43 0E 
[09:45:43.617] F8 F8 B0 F0 08 00 00 00 00 34 00 14 02 07 09 2D 2B 00 00 80 07 24 00 01 8C 06 39 8A 01 19 BC 89 13 A5 04 8A 02 E8 03 96 04 00 00 00 00 00 00 00 00 00 00 06 01 00 00 06 00 00 D9 46 3C D7 66 63 74 
[09:45:44.119] F8 F8 B0 F0 08 00 00 00 00 34 00 14 02 07 09 2D 2C 00 00 80 07 24 00 01 8C 06 39 8A 01 19 BC 89 13 A5 04 8A 02 E8 03 18 03 00 00 00 00 00 00 00 00 00 00 06 00 00 00 06 00 00 DD 78 3C D7 66 8A F9 
[09:45:44.632] F8 F8 B0 F0 08 00 00 00 00 34 00 14 02 07 09 2D 2D 00 00 80 07 24 00 01 8C 06 39 8A 01 19 BC 89 13 A5 04 8A 02 E8 03 18 03 00 00 00 00 00 00 00 00 00 00 06 00 00 00 06 00 00 E1 AB 3C D7 66 72 80 
[09:45:45.116] F8 F8 B0 F0 08 00 00 00 00 34 00 14 02 07 09 2D 2D 00 00 80 07 24 00 01 8C 06 39 8A 01 19 BC 89 13 A5 04 89 02 E8 03 15 03 00 00 00 00 00 00 00 00 00 00 06 00 00 00 06 00 00 E5 DC 3C D7 66 A6 34 
[09:45:45.617] F8 F8 B0 F0 08 00 00 00 00 34 00 14 02 07 09 2D 2D 00 00 80 07 24 00 01 8C 06 39 8A 01 19 BC 89 13 A5 04 89 02 E8 03 15 03 00 00 00 00 00 00 00 00 00 00 06 00 00 00 06 00 00 E9 0E 3D D7 66 D6 CD 
[09:45:46.117] F8 F8 B0 F0 08 00 00 00 00 34 00 14 02 07 09 2D 2D 00 00 80 07 24 00 01 8C 06 39 8A 01 19 BC 89 13 A5 04 87 02 E8 03 23 03 00 00 00 00 00 00 00 00 00 00 06 00 00 00 06 00 00 ED 40 3D D7 66 10 15 
[09:45:47.637] F8 F8 B0 F0 08 00 00 00 00 34 00 14 02 07 09 2D 2F 00 00 80 07 24 00 01 8C 06 39 8A 01 19 BC 88 13 A5 04 88 02 E8 03 1A 03 00 00 00 00 00 00 00 00 00 00 06 01 00 00 06 00 00 09 D8 3D D7 66 0E 7A 
[09:45:48.140] F8 F8 B0 F0 08 00 00 00 00 34 00 14 02 07 09 2D 2F 00 00 80 07 24 00 01 8C 06 39 8A 01 19 BC 88 13 A5 04 87 02 E8 03 1C 03 00 00 00 00 00 00 00 00 00 00 06 00 00 00 06 00 00 0D 0A 3E D7 66 1D 4E 
[09:45:48.640] F8 F8 B0 F0 08 00 00 00 00 34 00 14 02 07 09 2D 30 00 00 80 07 24 00 01 8C 06 39 8A 01 19 BC 88 13 A5 04 86 02 E8 03 1C 03 00 00 00 00 00 00 00 00 00 00 06 00 00 00 06 00 00 11 3C 3E D7 66 1E BF 
[09:45:49.138] F8 F8 B0 F0 08 00 00 00 00 34 00 14 02 07 09 2D 30 00 00 80 07 24 00 01 8C 06 39 8A 01 19 BC 88 13 A5 04 87 02 E8 03 2C 03 00 00 00 00 00 00 00 00 00 00 06 00 00 00 06 00 00 15 6E 3E D7 66 2A 4A 
[09:45:49.638] F8 F8 B0 F0 08 00 00 00 00 34 00 14 02 07 09 2D 31 00 00 80 07 24 00 01 8C 06 39 8A 01 19 BC 88 13 A5 04 87 02 E8 03 2C 03 00 00 00 00 00 00 00 00 00 00 06 00 00 00 06 00 00 19 A0 3E D7 66 1D 1D 
[09:45:50.157] F8 F8 B0 F0 08 00 00 00 00 34 00 14 02 07 09 2D 32 00 00 80 07 24 00 01 8C 06 39 8A 01 19 BC 87 13 A5 04 88 02 E8 03 29 03 00 00 00 00 00 00 00 00 00 00 06 01 00 00 06 00 00 1D D2 3E D7 66 AB F1 
[09:45:50.639] F8 F8 B0 F0 08 00 00 00 00 34 00 14 02 07 09 2D 32 00 00 80 07 24 00 01 8C 06 39 8A 01 19 BC 87 13 A5 04 89 02 E8 03 29 03 00 00 00 00 00 00 00 00 00 00 06 00 00 00 06 00 00 21 04 3F D7 66 19 32 
[09:45:51.139] F8 F8 B0 F0 08 00 00 00 00 34 00 14 02 07 09 2D 33 00 00 80 07 24 00 01 8C 06 39 8A 01 19 BC 88 13 A5 04 89 02 E8 03 18 03 00 00 00 00 00 00 00 00 00 00 06 00 00 00 06 00 00 25 36 3F D7 66 0B 34 
[09:45:51.640] F8 F8 B0 F0 08 00 00 00 00 34 00 14 02 07 09 2D 33 00 00 80 07 24 00 01 8C 06 39 8A 01 19 BC 87 13 A5 04 89 02 E8 03 18 03 00 00 00 00 00 00 00 00 00 00 06 01 00 00 06 00 00 29 68 3F D7 66 89 C4 
[09:45:52.140] F8 F8 B0 F0 08 00 00 00 00 34 00 14 02 07 09 2D 34 00 00 80 07 24 00 01 8C 06 39 8A 01 19 BC 87 13 A5 04 89 02 E8 03 29 03 00 00 00 00 00 00 00 00 00 00 06 01 00 00 06 00 00 2D 9A 3F D7 66 B0 89 
[09:45:52.637] F8 F8 B0 F0 08 00 00 00 00 34 00 14 02 07 09 2D 34 00 00 80 07 24 00 01 8C 06 39 8A 01 19 BC 87 13 A5 04 8A 02 E8 03 29 03 00 00 00 00 00 00 00 00 00 00 06 00 00 00 06 00 00 31 CB 3F D7 66 BB B0 
[09:45:53.138] F8 F8 B0 F0 08 00 00 00 00 34 00 14 02 07 09 2D 35 00 00 80 07 24 00 01 8C 06 39 8A 01 19 BC 87 13 A5 04 8B 02 E8 03 19 03 00 00 00 00 00 00 00 00 00 00 06 00 00 00 06 00 00 35 FE 3F D7 66 92 80 
[09:45:53.640] F8 F8 B0 F0 08 00 00 00 00 34 00 14 02 07 09 2D 35 00 00 80 07 24 00 01 8C 06 39 8A 01 19 BC 87 13 A5 04 8B 02 E8 03 19 03 00 00 00 00 00 00 00 00 00 00 06 00 00 00 06 00 00 39 30 40 D7 66 7E EE 
[09:45:54.140] F8 F8 B0 F0 08 00 00 00 00 34 00 14 02 07 09 2D 36 00 00 80 07 24 00 01 8C 06 39 8A 01 19 BC 87 13 A5 04 8A 02 E8 03 2D 03 00 00 00 00 00 00 00 00 00 00 06 00 00 00 06 00 00 3D 62 40 D7 66 41 81 
[09:45:54.640] F8 F8 B0 F0 08 00 00 00 00 34 00 14 02 07 09 2D 36 00 00 80 07 24 00 01 8C 06 39 8A 01 19 BC 87 13 A5 04 89 02 E8 03 2D 03 00 00 00 00 00 00 00 00 00 00 06 00 00 00 06 00 00 41 94 40 D7 66 84 C2 
[09:45:55.139] F8 F8 B0 F0 08 00 00 00 00 34 00 14 02 07 09 2D 37 00 00 80 07 24 00 01 8C 06 39 8A 01 19 BC 87 13 A4 04 8C 02 E8 03 2C 03 00 00 00 00 00 00 00 00 00 00 06 01 00 00 06 00 00 45 C5 40 D7 66 7E D5 
[09:45:55.662] F8 F8 B0 F0 08 00 00 00 00 34 00 14 02 07 09 2D 38 00 00 80 07 24 00 01 8C 06 39 8A 01 19 BC 87 13 A5 04 8B 02 E8 03 2C 03 00 00 00 00 00 00 00 00 00 00 06 00 00 00 06 00 00 49 F8 40 D7 66 BA 2B 
[09:45:56.140] F8 F8 B0 F0 08 00 00 00 00 34 00 14 02 07 09 2D 38 00 00 80 07 24 00 01 8C 06 39 8A 01 19 BC 87 13 A5 04 8B 02 E8 03 1E 03 00 00 00 00 00 00 00 00 00 00 06 00 00 00 06 00 00 4D 2A 41 D7 66 14 7E 
[09:45:56.639] F8 F8 B0 F0 08 00 00 00 00 34 00 14 02 07 09 2D 38 00 00 80 07 24 00 01 8C 06 39 8A 01 19 BC 87 13 A5 04 8B 02 E8 03 1E 03 00 00 00 00 00 00 00 00 00 00 06 01 00 00 06 00 00 51 5B 41 D7 66 ED 1D 
[09:45:57.137] F8 F8 B0 F0 08 00 00 00 00 34 00 14 02 07 09 2D 38 00 00 80 07 24 00 01 8C 06 39 8A 01 19 BC 87 13 A5 04 8B 02 E8 03 2A 03 00 00 00 00 00 00 00 00 00 00 06 00 00 00 06 00 00 55 8D 41 D7 66 C1 DF 
[09:45:57.637] F8 F8 B0 F0 08 00 00 00 00 34 00 14 02 07 09 2D 39 00 00 80 07 24 00 01 8C 06 39 8A 01 19 BC 87 13 A5 04 8B 02 E8 03 2A 03 00 00 00 00 00 00 00 00 00 00 06 00 00 00 06 00 00 59 C0 41 D7 66 12 CE 
[09:45:58.140] F8 F8 B0 F0 08 00 00 00 00 34 00 14 02 07 09 2D 39 00 00 80 07 24 00 01 8C 06 39 8A 01 19 BC 87 13 A5 04 8B 02 E8 03 1E 03 00 00 00 00 00 00 00 00 00 00 06 00 00 00 06 00 00 5D F2 41 D7 66 6C 9A 
[09:45:58.657] F8 F8 B0 F0 08 00 00 00 00 34 00 14 02 07 09 2D 3A 00 00 80 07 24 00 01 8C 06 39 8A 01 19 BC 87 13 A5 04 8B 02 E8 03 1E 03 00 00 00 00 00 00 00 00 00 00 06 00 00 00 06 00 00 61 26 42 D7 66 0C 60 
[09:45:59.161] F8 F8 B0 F0 08 00 00 00 00 34 00 14 02 07 09 2D 3A 00 00 80 07 24 00 01 8C 06 39 8A 01 19 BC 87 13 A5 04 89 02 E8 03 1C 03 00 00 00 00 00 00 00 00 00 00 06 00 00 00 06 00 00 65 58 42 D7 66 0B 2E 
[09:45:59.660] F8 F8 B0 F0 08 00 00 00 00 34 00 14 02 07 09 2D 3B 00 00 80 07 24 00 01 8C 06 39 8A 01 19 BC 87 13 A5 04 89 02 E8 03 1C 03 00 00 00 00 00 00 00 00 00 00 06 00 00 00 06 00 00 69 8A 42 D7 66 A9 2D 
[09:46:00.156] F8 F8 B0 F0 08 00 00 00 00 34 00 14 02 07 09 2D 3B 00 00 80 07 24 00 01 8C 06 39 8A 01 19 BC 87 13 A5 04 89 02 E8 03 12 03 00 00 00 00 00 00 00 00 00 00 06 00 00 00 06 00 00 6D BB 42 D7 66 C1 E4 
[09:46:00.657] F8 F8 B0 F0 08 00 00 00 00 34 00 14 02 07 09 2E 00 00 00 80 07 24 00 01 8C 06 39 8A 01 19 BC 88 13 A5 04 89 02 E8 03 12 03 00 00 00 00 00 00 00 00 00 00 06 00 00 00 06 00 00 71 EE 42 D7 66 68 90 