																16		8	9 10 11 12 13 14 15				31 32 33 34 35 36 37 38 39 40
[13:58:07.675] F8 F8 B0 F0 08 00 00 00 00 34 00 14 02 07 0D 3A 08 00 00 81 27 2D 03 01 93 06 39 8A 01 19 BC 00 00 03 00 00 00 00 00 00 00 00 00 00 00 00 00 00 00 00 00 06 9C 00 00 06 00 00 3B 8F 6B D5 66 29 A4 
[13:58:08.175] F8 F8 B0 F0 08 00 00 00 00 34 00 14 02 07 0D 3A 08 00 00 81 27 2D 03 01 93 06 39 8A 01 19 BC 00 00 03 00 00 00 00 00 00 00 00 00 00 00 00 00 00 00 00 00 06 9C 00 00 06 00 00 3F C1 6B D5 66 E9 E1 
[13:58:08.675] F8 F8 B0 F0 08 00 00 00 00 34 00 14 02 07 0D 3A 08 00 00 81 27 2D 03 01 93 06 39 8A 01 19 BC 00 00 03 00 00 00 00 00 00 00 00 00 00 00 00 00 00 00 00 00 06 9C 00 00 06 00 00 43 F3 6B D5 66 C5 B6 
[13:58:09.174] F8 F8 B0 F0 08 00 00 00 00 34 00 14 02 07 0D 3A 09 00 00 81 27 2D 03 01 93 06 39 8A 01 19 BC 00 00 03 00 00 00 00 00 00 00 00 00 00 00 00 00 00 00 00 00 06 9C 00 00 06 00 00 47 25 6C D5 66 2B F8 
[13:58:09.671] F8 F8 B0 F0 08 00 00 00 00 34 00 14 02 07 0D 3A 09 00 00 81 27 2D 03 01 93 06 39 8A 01 19 BC 00 00 03 00 00 00 00 00 00 00 00 00 00 00 00 00 00 00 00 00 06 9C 00 00 06 00 00 4B 56 6C D5 66 A9 AA 
[13:58:10.171] F8 F8 B0 F0 08 00 00 00 00 34 00 14 02 07 0D 3A 0A 00 00 81 27 2D 03 01 93 06 39 8A 01 19 BC 00 00 03 00 00 00 00 00 00 00 00 00 00 00 00 00 00 00 00 00 06 9C 00 00 06 00 00 4F 88 6C D5 66 F1 6F 
[13:58:10.672] F8 F8 B0 F0 08 00 00 00 00 34 00 14 02 07 0D 3A 0A 00 00 81 27 2D 03 01 93 06 39 8A 01 19 BC 00 00 03 00 00 00 00 00 00 00 00 00 00 00 00 00 00 00 00 00 06 9C 00 00 06 00 00 53 BA 6C D5 66 01 21 
[13:58:11.173] F8 F8 B0 F0 08 00 00 00 00 34 00 14 02 07 0D 3A 0B 00 00 81 27 2D 03 01 93 06 39 8A 01 19 BC 00 00 03 00 00 00 00 00 00 00 00 00 00 00 00 00 00 00 00 00 06 9C 00 00 06 00 00 57 EC 6C D5 66 47 37 
[13:58:11.673] F8 F8 B0 F0 08 00 00 00 00 34 00 14 02 07 0D 3A 0B 00 00 81 27 2D 03 01 93 06 39 8A 01 19 BC 00 00 03 00 00 00 00 00 00 00 00 00 00 00 00 00 00 00 00 00 06 9C 00 00 06 00 00 5B 1E 6D D5 66 79 F9 
[13:58:12.174] F8 F8 B0 F0 08 00 00 00 00 34 00 14 02 07 0D 3A 0C 00 00 81 27 2D 03 01 93 06 39 8A 01 19 BC 00 00 03 00 00 00 00 00 00 00 00 00 00 00 00 00 00 00 00 00 06 9C 00 00 06 00 00 5F 50 6D D5 66 55 FD 
[13:58:12.690] F8 F8 B0 F0 08 00 00 00 00 34 00 14 02 07 0D 3A 0D 00 00 81 27 2D 03 01 93 06 39 8A 01 19 BC 00 00 03 00 00 00 00 00 00 00 00 00 00 00 00 00 00 00 00 00 06 9C 00 00 06 00 00 63 82 6D D5 66 19 F2 
[13:58:13.174] F8 F8 B0 F0 08 00 00 00 00 34 00 14 02 07 0D 3A 0D 00 00 81 27 2D 03 01 93 06 39 8A 01 19 BC 00 00 03 00 00 00 00 00 00 00 00 00 00 00 00 00 00 00 00 00 06 9C 00 00 06 00 00 67 B4 6D D5 66 6F 70 
[13:58:13.674] F8 F8 B0 F0 08 00 00 00 00 34 00 14 02 07 0D 3A 0E 00 00 81 27 2D 03 01 93 06 39 8A 01 19 BC 00 00 03 00 00 00 00 00 00 00 00 00 00 00 00 00 00 00 00 00 06 9C 00 00 06 00 00 6B E6 6D D5 66 10 25 
[13:58:14.171] F8 F8 B0 F0 08 00 00 00 00 34 00 14 02 07 0D 3A 0E 00 00 81 27 2D 03 01 93 06 39 8A 01 19 BC 00 00 03 00 00 00 00 00 00 00 00 00 00 00 00 00 00 00 00 00 06 9C 00 00 06 00 00 6F 18 6E D5 66 51 C8 
[13:58:14.688] F8 F8 B0 F0 08 00 00 00 00 34 00 14 02 07 0D 3A 0F 00 00 81 27 2D 03 01 93 06 39 8A 01 19 BC 00 00 03 00 00 00 00 00 00 00 00 00 00 00 00 00 00 00 00 00 06 9C 00 00 06 00 00 73 4C 6E D5 66 08 35 
[13:58:15.191] F8 F8 B0 F0 08 00 00 00 00 34 00 14 02 07 0D 3A 0F 00 00 81 27 2D 03 01 93 06 39 8A 01 19 BC 00 00 03 00 00 00 00 00 00 00 00 00 00 00 00 00 00 00 00 00 06 9C 00 00 06 00 00 77 7E 6E D5 66 8F 7D 
[13:58:15.691] F8 F8 B0 F0 08 00 00 00 00 34 00 14 02 07 0D 3A 10 00 00 81 27 2D 03 01 93 06 39 8A 01 19 BC 00 00 03 00 00 00 00 00 00 00 00 00 00 00 00 00 00 00 00 00 06 9C 00 00 06 00 00 7B B0 6E D5 66 CC B6 
[13:58:16.192] F8 F8 B0 F0 08 00 00 00 00 34 00 14 02 07 0D 3A 10 00 00 81 27 2D 03 01 93 06 39 8A 01 19 BC 00 00 03 00 00 00 00 00 00 00 00 00 00 00 00 00 00 00 00 00 06 9C 00 00 06 00 00 7F E2 6E D5 66 99 A7 
[13:58:16.693] F8 F8 B0 F0 08 00 00 00 00 34 00 14 02 07 0D 3A 11 00 00 81 27 2D 03 01 93 06 39 8A 01 19 BC 00 00 03 00 00 00 00 00 00 00 00 00 00 00 00 00 00 00 00 00 06 9C 00 00 06 00 00 83 14 6F D5 66 E2 51 
[13:58:17.191] F8 F8 B0 F0 08 00 00 00 00 34 00 14 02 07 0D 3A 11 00 00 81 27 2D 03 01 93 06 39 8A 01 19 BC 00 00 03 00 00 00 00 00 00 00 00 00 00 00 00 00 00 00 00 00 06 9C 00 00 06 00 00 87 46 6F D5 66 B7 40 
[13:58:17.692] F8 F8 B0 F0 08 00 00 00 00 34 00 14 02 07 0D 3A 12 00 00 81 27 2D 03 01 93 06 39 8A 01 19 BC 00 00 03 00 00 00 00 00 00 00 00 00 00 00 00 00 00 00 00 00 06 9C 00 00 06 00 00 8B 78 6F D5 66 28 03 
[13:58:18.210] F8 F8 B0 F0 08 00 00 00 00 34 00 14 02 07 0D 3A 13 00 00 81 27 2D 03 01 93 06 39 8A 01 19 BC 00 00 03 00 00 00 00 00 00 00 00 00 00 00 00 00 00 00 00 00 06 9C 00 00 06 00 00 8F AA 6F D5 66 A7 02 
[13:58:18.690] F8 F8 B0 F0 08 00 00 00 00 34 00 14 02 07 0D 3A 13 00 00 81 27 2D 03 01 93 06 39 8A 01 19 BC 00 00 03 00 00 00 00 00 00 00 00 00 00 00 00 00 00 00 00 00 06 9C 00 00 06 00 00 93 DC 6F D5 66 3A E8 
[13:58:19.191] F8 F8 B0 F0 08 00 00 00 00 34 00 14 02 07 0D 3A 14 00 00 81 27 2D 03 01 93 06 39 8A 01 19 BC 00 00 03 00 00 00 00 00 00 00 00 00 00 00 00 00 00 00 00 00 06 9C 00 00 06 00 00 97 0E 70 D5 66 E9 0A 
[13:58:19.691] F8 F8 B0 F0 08 00 00 00 00 34 00 14 02 07 0D 3A 14 00 00 81 27 2D 03 01 93 06 39 8A 01 19 BC 00 00 03 00 00 00 00 00 00 00 00 00 00 00 00 00 00 00 00 00 06 9C 00 00 06 00 00 9B 40 70 D5 66 04 4D 
[13:58:20.194] F8 F8 B0 F0 08 00 00 00 00 34 00 14 02 07 0D 3A 14 00 00 81 27 2D 03 01 93 06 39 8A 01 19 BC 00 00 03 00 00 00 00 00 00 00 00 00 00 00 00 00 00 00 00 00 06 9C 00 00 06 00 00 9F 72 70 D5 66 83 05 
[13:58:20.694] F8 F8 B0 F0 08 00 00 00 00 34 00 14 02 07 0D 3A 14 00 00 81 27 2D 03 01 93 06 39 8A 01 19 BC 00 00 03 00 00 00 00 00 00 00 00 00 00 00 00 00 00 00 00 00 06 9C 00 00 06 00 00 A3 A4 70 D5 66 DC 0D 
[13:58:21.194] F8 F8 B0 F0 08 00 00 00 00 34 00 14 02 07 0D 3A 15 00 00 81 27 2D 03 01 93 06 39 8A 01 19 BC 00 00 03 00 00 00 00 00 00 00 00 00 00 00 00 00 00 00 00 00 06 9C 00 00 06 00 00 A7 D6 70 D5 66 25 E6 
[13:58:21.693] F8 F8 B0 F0 08 00 00 00 00 34 00 14 02 07 0D 3A 15 00 00 81 27 2D 03 01 93 06 39 8A 01 19 BC 00 00 03 00 00 00 00 00 00 00 00 00 00 00 00 00 00 00 00 00 06 9C 00 00 06 00 00 AB 08 71 D5 66 67 50 
[13:58:22.194] F8 F8 B0 F0 08 00 00 00 00 34 00 14 02 07 0D 3A 16 00 00 81 27 2D 03 01 93 06 39 8A 01 19 BC 00 00 03 00 00 00 00 00 00 00 00 00 00 00 00 00 00 00 00 00 06 9C 00 00 06 00 00 AF 3A 71 D5 66 E7 5E 
[13:58:22.694] F8 F8 B0 F0 08 00 00 00 00 34 00 14 02 07 0D 3A 16 00 00 81 27 2D 03 01 93 06 39 8A 01 19 BC 00 00 03 00 00 00 00 00 00 00 00 00 00 00 00 00 00 00 00 00 06 9C 00 00 06 00 00 B3 6C 71 D5 66 34 83 
[13:58:23.194] F8 F8 B0 F0 08 00 00 00 00 34 00 14 02 07 0D 3A 17 00 00 81 27 2D 03 01 93 06 39 8A 01 19 BC 00 00 03 00 00 00 00 00 00 00 00 00 00 00 00 00 00 00 00 00 06 9C 00 00 06 00 00 B7 9E 71 D5 66 F5 B5 
[13:58:23.711] F8 F8 B0 F0 08 00 00 00 00 34 00 14 02 07 0D 3A 18 00 00 81 27 2D 03 01 93 06 39 8A 01 19 BC 00 00 03 00 00 00 00 00 00 00 00 00 00 00 00 00 00 00 00 00 06 9C 00 00 06 00 00 BB D0 71 D5 66 22 BC 
[13:58:24.194] F8 F8 B0 F0 08 00 00 00 00 34 00 14 02 07 0D 3A 18 00 00 81 27 2D 03 01 93 06 39 8A 01 19 BC 00 00 03 00 00 00 00 00 00 00 00 00 00 00 00 00 00 00 00 00 06 9C 00 00 06 00 00 BF 02 72 D5 66 1F 29 
[13:58:24.693] F8 F8 B0 F0 08 00 00 00 00 34 00 14 02 07 0D 3A 19 00 00 81 27 2D 03 01 93 06 39 8A 01 19 BC 00 00 03 00 00 00 00 00 00 00 00 00 00 00 00 00 00 00 00 00 06 9C 00 00 06 00 00 C3 34 72 D5 66 20 79 
[13:58:25.193] F8 F8 B0 F0 08 00 00 00 00 34 00 14 02 07 0D 3A 19 00 00 81 27 2D 03 01 93 06 39 8A 01 19 BC 00 00 03 00 00 00 00 00 00 00 00 00 00 00 00 00 00 00 00 00 06 9C 00 00 06 00 00 C7 66 72 D5 66 75 68 
[13:58:25.694] F8 F8 B0 F0 08 00 00 00 00 34 00 14 02 07 0D 3A 1A 00 00 81 27 2D 03 01 93 06 39 8A 01 19 BC 00 00 03 00 00 00 00 00 00 00 00 00 00 00 00 00 00 00 00 00 06 9C 00 00 06 00 00 CB 98 72 D5 66 4E 98 
[13:58:26.210] F8 F8 B0 F0 08 00 00 00 00 34 00 14 02 07 0D 3A 1A 00 00 81 27 2D 03 01 93 06 39 8A 01 19 BC 00 00 03 00 00 00 00 00 00 00 00 00 00 00 00 00 00 00 00 00 06 9C 00 00 06 00 00 D0 CC 72 D5 66 21 CF 
[13:58:26.712] F8 F8 B0 F0 08 00 00 00 00 34 00 14 02 07 0D 3A 1B 00 00 81 27 2D 03 01 93 06 39 8A 01 19 BC 00 00 03 00 00 00 00 00 00 00 00 00 00 00 00 00 00 00 00 00 06 9C 00 00 06 00 00 D4 FE 72 D5 66 44 4A 
[13:58:27.210] F8 F8 B0 F0 08 00 00 00 00 34 00 14 02 07 0D 3A 1B 00 00 81 27 2D 03 01 93 06 39 8A 01 19 BC 00 00 03 00 00 00 00 00 00 00 00 00 00 00 00 00 00 00 00 00 06 9C 00 00 06 00 00 D8 2F 73 D5 66 E8 28 
[13:58:27.710] F8 F8 B0 F0 08 00 00 00 00 34 00 14 02 07 0D 3A 1C 00 00 81 27 2D 03 01 93 06 39 8A 01 19 BC 00 00 03 00 00 00 00 00 00 00 00 00 00 00 00 00 00 00 00 00 06 9C 00 00 06 00 00 DC 62 73 D5 66 18 B7 
[13:58:28.213] F8 F8 B0 F0 08 00 00 00 00 34 00 14 02 07 0D 3A 1C 00 00 81 27 2D 03 01 93 06 39 8A 01 19 BC 00 00 03 00 00 00 00 00 00 00 00 00 00 00 00 00 00 00 00 00 06 9C 00 00 06 00 00 E0 94 73 D5 66 09 88 
[13:58:28.712] F8 F8 B0 F0 08 00 00 00 00 34 00 14 02 07 0D 3A 1D 00 00 81 27 2D 03 01 93 06 39 8A 01 19 BC 00 00 03 00 00 00 00 00 00 00 00 00 00 00 00 00 00 00 00 00 06 9C 00 00 06 00 00 E4 C6 73 D5 66 BE 54 
[13:58:29.225] F8 F8 B0 F0 08 00 00 00 00 34 00 14 02 07 0D 3A 1E 00 00 81 27 2D 03 01 93 06 39 8A 01 19 BC 00 00 03 00 00 00 00 00 00 00 00 00 00 00 00 00 00 00 00 00 06 9C 00 00 06 00 00 E8 F9 73 D5 66 95 61 
[13:58:29.714] F8 F8 B0 F0 08 00 00 00 00 34 00 14 02 07 0D 3A 1E 00 00 81 27 2D 03 01 93 06 39 8A 01 19 BC 00 00 03 00 00 00 00 00 00 00 00 00 00 00 00 00 00 00 00 00 06 9C 00 00 06 00 00 EC 2A 74 D5 66 DC 5E 
[13:58:30.214] F8 F8 B0 F0 08 00 00 00 00 34 00 14 02 07 0D 3A 1F 00 00 81 27 2D 03 01 93 06 39 8A 01 19 BC 00 00 03 00 00 00 00 00 00 00 00 00 00 00 00 00 00 00 00 00 06 9C 00 00 06 00 00 00 5C 74 D5 66 F5 46 
[13:58:30.711] F8 F8 B0 F0 08 00 00 00 00 34 00 14 02 07 0D 3A 1F 00 00 81 27 2D 03 01 93 06 39 8A 01 19 BC 00 00 03 00 00 00 00 00 00 00 00 00 00 00 00 00 00 00 00 00 06 9C 00 00 06 00 00 04 8D 74 D5 66 44 11 
[13:58:31.212] F8 F8 B0 F0 08 00 00 00 00 34 00 14 02 07 0D 3A 1F 00 00 81 27 2D 03 01 93 06 39 8A 01 19 BC 00 00 03 00 00 00 00 00 00 00 00 00 00 00 00 00 00 00 00 00 06 9C 00 00 06 00 00 08 C0 74 D5 66 75 CD 
[13:58:31.714] F8 F8 B0 F0 08 00 00 00 00 34 00 14 02 07 0D 3A 1F 00 00 81 27 2D 03 01 93 06 39 8A 01 19 BC 00 00 03 00 00 00 00 00 00 00 00 00 00 00 00 00 00 00 00 00 06 9C 00 00 06 00 00 0C F2 74 D5 66 F2 85 
[13:58:32.214] F8 F8 B0 F0 08 00 00 00 00 34 00 14 02 07 0D 3A 20 00 00 81 27 2D 03 01 93 06 39 8A 01 19 BC 00 00 03 00 00 00 00 00 00 00 00 00 00 00 00 00 00 00 00 00 06 9C 00 00 06 00 00 10 24 75 D5 66 E7 DC 
[13:58:32.714] F8 F8 B0 F0 08 00 00 00 00 34 00 14 02 07 0D 3A 20 00 00 81 27 2D 03 01 93 06 39 8A 01 19 BC 00 00 03 00 00 00 00 00 00 00 00 00 00 00 00 00 00 00 00 00 06 9C 00 00 06 00 00 14 56 75 D5 66 FC FA 
[13:58:33.214] F8 F8 B0 F0 08 00 00 00 00 34 00 14 02 07 0D 3A 21 00 00 81 27 2D 03 01 93 06 39 8A 01 19 BC 00 00 03 00 00 00 00 00 00 00 00 00 00 00 00 00 00 00 00 00 06 9C 00 00 06 00 00 18 88 75 D5 66 6C B6 
[13:58:33.715] F8 F8 B0 F0 08 00 00 00 00 34 00 14 02 07 0D 3A 21 00 00 81 27 2D 03 01 93 06 39 8A 01 19 BC 00 00 03 00 00 00 00 00 00 00 00 00 00 00 00 00 00 00 00 00 06 9C 00 00 06 00 00 1C BA 75 D5 66 EB FE 
[13:58:34.214] F8 F8 B0 F0 08 00 00 00 00 34 00 14 02 07 0D 3A 22 00 00 81 27 2D 03 01 93 06 39 8A 01 19 BC 00 00 03 00 00 00 00 00 00 00 00 00 00 00 00 00 00 00 00 00 06 9C 00 00 06 00 00 20 EC 75 D5 66 8B 6D 
[13:58:34.731] F8 F8 B0 F0 08 00 00 00 00 34 00 14 02 07 0D 3A 23 00 00 81 27 2D 03 01 93 06 39 8A 01 19 BC 00 00 03 00 00 00 00 00 00 00 00 00 00 00 00 00 00 00 00 00 06 9C 00 00 06 00 00 24 1D 76 D5 66 C6 99 
[13:58:35.215] F8 F8 B0 F0 08 00 00 00 00 34 00 14 02 07 0D 3A 23 00 00 81 27 2D 03 01 93 06 39 8A 01 19 BC 00 00 03 00 00 00 00 00 00 00 00 00 00 00 00 00 00 00 00 00 06 9C 00 00 06 00 00 28 50 76 D5 66 F7 45 
[13:58:35.713] F8 F8 B0 F0 08 00 00 00 00 34 00 14 02 07 0D 3A 24 00 00 81 27 2D 03 01 93 06 39 8A 01 19 BC 00 00 03 00 00 00 00 00 00 00 00 00 00 00 00 00 00 00 00 00 06 9C 00 00 06 00 00 2C 82 76 D5 66 76 C8 
[13:58:36.214] F8 F8 B0 F0 08 00 00 00 00 34 00 14 02 07 0D 3A 24 00 00 81 27 2D 03 01 93 06 39 8A 01 19 BC 00 00 03 00 00 00 00 00 00 00 00 00 00 00 00 00 00 00 00 00 06 9C 00 00 06 00 00 30 B4 76 D5 66 77 4C 
[13:58:36.715] F8 F8 B0 F0 08 00 00 00 00 34 00 14 02 07 0D 3A 25 00 00 81 27 2D 03 01 93 06 39 8A 01 19 BC 00 00 03 00 00 00 00 00 00 00 00 00 00 00 00 00 00 00 00 00 06 9C 00 00 06 00 00 34 E6 76 D5 66 C0 90 
[13:58:37.211] F8 F8 B0 F0 08 00 00 00 00 34 00 14 02 07 0D 3A 25 00 00 81 27 2D 03 01 93 06 39 8A 01 19 BC 00 00 03 00 00 00 00 00 00 00 00 00 00 00 00 00 00 00 00 00 06 9C 00 00 06 00 00 38 17 77 D5 66 22 C5 
[13:58:37.735] F8 F8 B0 F0 08 00 00 00 00 34 00 14 02 07 0D 3A 26 00 00 81 27 2D 03 01 93 06 39 8A 01 19 BC 00 00 03 00 00 00 00 00 00 00 00 00 00 00 00 00 00 00 00 00 06 9C 00 00 06 00 00 3C 4C 77 D5 66 07 61 
[13:58:38.231] F8 F8 B0 F0 08 00 00 00 00 34 00 14 02 07 0D 3A 26 00 00 81 27 2D 03 01 93 06 39 8A 01 19 BC 00 00 03 00 00 00 00 00 00 00 00 00 00 00 00 00 00 00 00 00 06 9C 00 00 06 00 00 40 7D 77 D5 66 F7 AD 
[13:58:38.731] F8 F8 B0 F0 08 00 00 00 00 34 00 14 02 07 0D 3A 27 00 00 81 27 2D 03 01 93 06 39 8A 01 19 BC 00 00 03 00 00 00 00 00 00 00 00 00 00 00 00 00 00 00 00 00 06 9C 00 00 06 00 00 44 B0 77 D5 66 31 63 
[13:58:39.232] F8 F8 B0 F0 08 00 00 00 00 34 00 14 02 07 0D 3A 27 00 00 81 27 2D 03 01 93 06 39 8A 01 19 BC 00 00 03 00 00 00 00 00 00 00 00 00 00 00 00 00 00 00 00 00 06 9C 00 00 06 00 00 48 E2 77 D5 66 49 70 
[13:58:39.730] F8 F8 B0 F0 08 00 00 00 00 34 00 14 02 07 0D 3A 28 00 00 81 27 2D 03 01 93 06 39 8A 01 19 BC 00 00 03 00 00 00 00 00 00 00 00 00 00 00 00 00 00 00 00 00 06 9C 00 00 06 00 00 4C 13 78 D5 66 BD 72 
[13:58:40.254] F8 F8 B0 F0 08 00 00 00 00 34 00 14 02 07 0D 3A 29 00 00 81 27 2D 03 01 93 06 39 8A 01 19 BC 00 00 03 00 00 00 00 00 00 00 00 00 00 00 00 00 00 00 00 00 06 9C 00 00 06 00 00 50 45 78 D5 66 8C 62 
[13:58:40.731] F8 F8 B0 F0 08 00 00 00 00 34 00 14 02 07 0D 3A 29 00 00 81 27 2D 03 01 93 06 39 8A 01 19 BC 00 00 03 00 00 00 00 00 00 00 00 00 00 00 00 00 00 00 00 00 06 9C 00 00 06 00 00 54 77 78 D5 66 0B 2A 
[13:58:41.232] F8 F8 B0 F0 08 00 00 00 00 34 00 14 02 07 0D 3A 2A 00 00 81 27 2D 03 01 93 06 39 8A 01 19 BC 00 00 03 00 00 00 00 00 00 00 00 00 00 00 00 00 00 00 00 00 06 9C 00 00 06 00 00 58 AA 78 D5 66 A2 76 
[13:58:41.734] F8 F8 B0 F0 08 00 00 00 00 34 00 14 02 07 0D 3A 2A 00 00 81 27 2D 03 01 93 06 39 8A 01 19 BC 00 00 03 00 00 00 00 00 00 00 00 00 00 00 00 00 00 00 00 00 06 9C 00 00 06 00 00 5C DC 78 D5 66 48 9A 
[13:58:42.235] F8 F8 B0 F0 08 00 00 00 00 34 00 14 02 07 0D 3A 2A 00 00 81 27 2D 03 01 93 06 39 8A 01 19 BC 00 00 03 00 00 00 00 00 00 00 00 00 00 00 00 00 00 00 00 00 06 9C 00 00 06 00 00 60 0E 79 D5 66 D6 6F 
[13:58:42.732] F8 F8 B0 F0 08 00 00 00 00 34 00 14 02 07 0D 3A 2A 00 00 81 27 2D 03 01 93 06 39 8A 01 19 BC 00 00 03 00 00 00 00 00 00 00 00 00 00 00 00 00 00 00 00 00 06 9C 00 00 06 00 00 64 3F 79 D5 66 8D BC 
[13:58:43.233] F8 F8 B0 F0 08 00 00 00 00 34 00 14 02 07 0D 3A 2B 00 00 81 27 2D 03 01 93 06 39 8A 01 19 BC 00 00 03 00 00 00 00 00 00 00 00 00 00 00 00 00 00 00 00 00 06 9C 00 00 06 00 00 68 71 79 D5 66 82 36 
[13:58:43.733] F8 F8 B0 F0 08 00 00 00 00 34 00 14 02 07 0D 3A 2B 00 00 81 27 2D 03 01 93 06 39 8A 01 19 BC 00 00 03 00 00 00 00 00 00 00 00 00 00 00 00 00 00 00 00 00 06 9C 00 00 06 00 00 6C A4 79 D5 66 C2 AB 
[13:58:44.235] F8 F8 B0 F0 08 00 00 00 00 34 00 14 02 07 0D 3A 2C 00 00 81 27 2D 03 01 93 06 39 8A 01 19 BC 00 00 03 00 00 00 00 00 00 00 00 00 00 00 00 00 00 00 00 00 06 9C 00 00 06 00 00 70 D6 79 D5 66 42 CA 
[13:58:44.735] F8 F8 B0 F0 08 00 00 00 00 34 00 14 02 07 0D 3A 2C 00 00 81 27 2D 03 01 93 06 39 8A 01 19 BC 00 00 03 00 00 00 00 00 00 00 00 00 00 00 00 00 00 00 00 00 06 9C 00 00 06 00 00 74 08 7A D5 66 4D 10 
[13:58:45.235] F8 F8 B0 F0 08 00 00 00 00 34 00 14 02 07 0D 3A 2D 00 00 81 27 2D 03 01 93 06 39 8A 01 19 BC 00 00 03 00 00 00 00 00 00 00 00 00 00 00 00 00 00 00 00 00 06 9C 00 00 06 00 00 78 3A 7A D5 66 05 97 
[13:58:45.751] F8 F8 B0 F0 08 00 00 00 00 34 00 14 02 07 0D 3A 2E 00 00 81 27 2D 03 01 93 06 39 8A 01 19 BC 00 00 03 00 00 00 00 00 00 00 00 00 00 00 00 00 00 00 00 00 06 9C 00 00 06 00 00 7C 6C 7A D5 66 A6 0A 
[13:58:46.235] F8 F8 B0 F0 08 00 00 00 00 34 00 14 02 07 0D 3A 2E 00 00 81 27 2D 03 01 93 06 39 8A 01 19 BC 00 00 03 00 00 00 00 00 00 00 00 00 00 00 00 00 00 00 00 00 06 9C 00 00 06 00 00 80 9E 7A D5 66 FE CC 
[13:58:46.735] F8 F8 B0 F0 08 00 00 00 00 34 00 14 02 07 0D 3A 2F 00 00 81 27 2D 03 01 93 06 39 8A 01 19 BC 00 00 03 00 00 00 00 00 00 00 00 00 00 00 00 00 00 00 00 00 06 9C 00 00 06 00 00 84 D0 7A D5 66 DC 44 
[13:58:47.233] F8 F8 B0 F0 08 00 00 00 00 34 00 14 02 07 0D 3A 2F 00 00 81 27 2D 03 01 93 06 39 8A 01 19 BC 00 00 03 00 00 00 00 00 00 00 00 00 00 00 00 00 00 00 00 00 06 9C 00 00 06 00 00 88 01 7B D5 66 70 26 
[13:58:47.733] F8 F8 B0 F0 08 00 00 00 00 34 00 14 02 07 0D 3A 30 00 00 81 27 2D 03 01 93 06 39 8A 01 19 BC 00 00 03 00 00 00 00 00 00 00 00 00 00 00 00 00 00 00 00 00 06 9C 00 00 06 00 00 8C 34 7B D5 66 4C 6E 
[13:58:48.235] F8 F8 B0 F0 08 00 00 00 00 34 00 14 02 07 0D 3A 30 00 00 81 27 2D 03 01 93 06 39 8A 01 19 BC 00 00 03 00 00 00 00 00 00 00 00 00 00 00 00 00 00 00 00 00 06 9C 00 00 06 00 00 90 65 7B D5 66 B2 E2 
[13:58:48.735] F8 F8 B0 F0 08 00 00 00 00 34 00 14 02 07 0D 3A 31 00 00 81 27 2D 03 01 93 06 39 8A 01 19 BC 00 00 03 00 00 00 00 00 00 00 00 00 00 00 00 00 00 00 00 00 06 9C 00 00 06 00 00 94 98 7B D5 66 9D 00 
[13:58:49.255] F8 F8 B0 F0 08 00 00 00 00 34 00 14 02 07 0D 3A 31 00 00 81 27 2D 03 01 93 06 39 8A 01 19 BC 00 00 03 00 00 00 00 00 00 00 00 00 00 00 00 00 00 00 00 00 06 9C 00 00 06 00 00 98 CC 7B D5 66 7C 34 
[13:58:49.755] F8 F8 B0 F0 08 00 00 00 00 34 00 14 02 07 0D 3A 32 00 00 81 27 2D 03 01 93 06 39 8A 01 19 BC 00 00 03 00 00 00 00 00 00 00 00 00 00 00 00 00 00 00 00 00 06 9C 00 00 06 00 00 9C FE 7B D5 66 FC 3A 
[13:58:50.255] F8 F8 B0 F0 08 00 00 00 00 34 00 14 02 07 0D 3A 32 00 00 81 27 2D 03 01 93 06 39 8A 01 19 BC 00 00 03 00 00 00 00 00 00 00 00 00 00 00 00 00 00 00 00 00 06 9C 00 00 06 00 00 A0 30 7C D5 66 57 29 
[13:58:50.752] F8 F8 B0 F0 08 00 00 00 00 34 00 14 02 07 0D 3A 33 00 00 81 27 2D 03 01 93 06 39 8A 01 19 BC 00 00 03 00 00 00 00 00 00 00 00 00 00 00 00 00 00 00 00 00 06 9C 00 00 06 00 00 A4 61 7C D5 66 3C 6E 
[13:58:51.280] F8 F8 B0 F0 08 00 00 00 00 34 00 14 02 07 0D 3A 34 00 00 81 27 2D 03 01 93 06 39 8A 01 19 BC 00 00 03 00 00 00 00 00 00 00 00 00 00 00 00 00 00 00 00 00 06 9C 00 00 06 00 00 A8 96 7C D5 66 9B 6A 
[13:58:51.755] F8 F8 B0 F0 08 00 00 00 00 34 00 14 02 07 0D 3A 34 00 00 81 27 2D 03 01 93 06 39 8A 01 19 BC 00 00 03 00 00 00 00 00 00 00 00 00 00 00 00 00 00 00 00 00 06 9C 00 00 06 00 00 AC C5 7C D5 66 7A 0D 
[13:58:52.253] F8 F8 B0 F0 08 00 00 00 00 34 00 14 02 07 0D 3A 35 00 00 81 27 2D 03 01 93 06 39 8A 01 19 BC 00 00 03 00 00 00 00 00 00 00 00 00 00 00 00 00 00 00 00 00 06 9C 00 00 06 00 00 B0 F7 7C D5 66 68 8E 
[13:58:52.753] F8 F8 B0 F0 08 00 00 00 00 34 00 14 02 07 0D 3A 35 00 00 81 27 2D 03 01 93 06 39 8A 01 19 BC 00 00 03 00 00 00 00 00 00 00 00 00 00 00 00 00 00 00 00 00 06 9C 00 00 06 00 00 B4 29 7D D5 66 07 3A 
[13:58:53.253] F8 F8 B0 F0 08 00 00 00 00 34 00 14 02 07 0D 3A 36 00 00 81 27 2D 03 01 93 06 39 8A 01 19 BC 00 00 03 00 00 00 00 00 00 00 00 00 00 00 00 00 00 00 00 00 06 9C 00 00 06 00 00 B8 5B 7D D5 66 36 58 
[13:58:53.751] F8 F8 B0 F0 08 00 00 00 00 34 00 14 02 07 0D 3A 36 00 00 81 27 2D 03 01 93 06 39 8A 01 19 BC 00 00 03 00 00 00 00 00 00 00 00 00 00 00 00 00 00 00 00 00 06 9C 00 00 06 00 00 BC 8D 7D D5 66 AA 5E 
[13:58:54.250] F8 F8 B0 F0 08 00 00 00 00 34 00 14 02 07 0D 3A 36 00 00 81 27 2D 03 01 93 06 39 8A 01 19 BC 00 00 03 00 00 00 00 00 00 00 00 00 00 00 00 00 00 00 00 00 06 9C 00 00 06 00 00 C0 BF 7D D5 66 86 09 
[13:58:54.751] F8 F8 B0 F0 08 00 00 00 00 34 00 14 02 07 0D 3A 36 00 00 81 27 2D 03 01 93 06 39 8A 01 19 BC 00 00 03 00 00 00 00 00 00 00 00 00 00 00 00 00 00 00 00 00 06 9C 00 00 06 00 00 C4 F1 7D D5 66 46 4C 
[13:58:55.252] F8 F8 B0 F0 08 00 00 00 00 34 00 14 02 07 0D 3A 37 00 00 81 27 2D 03 01 93 06 39 8A 01 19 BC 00 00 03 00 00 00 00 00 00 00 00 00 00 00 00 00 00 00 00 00 06 9C 00 00 06 00 00 C8 23 7E D5 66 B4 16 