Tat bypass may phu
																16		8	9 10 11 12 13 14 15				31 32 33 34 35 36 37 38 39 40
tx1 load
[10:00:21.648] F8 F8 B0 F0 08 00 00 00 00 34 00 14 02 07 0A 00 16 00 00 80 07 00 00 01 8C 06 39 8A 01 19 BC 86 13 A5 04 81 02 E8 03 25 03 00 00 00 00 00 00 00 00 00 00 06 01 00 00 06 00 00 28 32 93 D8 66 70 CC
tx1 off
[11:05:31.854] F8 F8 B0 F0 08 00 00 00 00 34 00 14 02 07 0B 05 21 00 00 81 07 28 02 01 88 06 39 8A 01 19 BC 8A 13 A4 04 63 02 E8 03 2F 03 00 00 00 00 00 00 00 00 00 00 06 FF 00 00 06 00 00 74 59 8A DE 66 77 0A
//off all
[11:20:26.602] F8 F8 B0 F0 08 00 00 00 00 34 00 14 02 07 0B 14 1A 00 00 81 07 2D 03 01 90 06 39 8A 01 19 BC 00 00 03 00 00 00 00 00 00 00 00 00 00 00 00 00 00 00 00 00 06 9C 00 00 06 00 00 A5 E0 93 D5 66 F2 AC

h6 13h43 off all
[13:43:39.703] F8 F8 B0 F0 08 00 00 00 00 34 00 14 02 07 0D 2E 0A 00 00 81 07 2D 03 01 90 06 39 8A 01 19 BC 00 00 03 00 00 00 00 00 00 00 00 00 00 00 00 00 00 00 00 00 06 9C 00 00 06 00 00 8F 09 AC D6 66 4B BB 
h5 bypass all off all
			   F8 F8 B0 F0 08 00 00 00 00 34 00 14 02 07 0B 14 06 00 00 81 07 2D 03 01 90 06 39 8A 01 19 BC 00 00 03 00 00 00 00 00 00 00 00 00 00 00 00 00 00 00 00 00 06 9C 00 00 06 00 00 01 DB 8B D5 66 35 C0 
h4 off tx1
[11:05:27.835] F8 F8 B0 F0 08 00 00 00 00 34 00 14 02 07 0B 05 1C 00 00 81 07 28 02 01 88 06 39 8A 01 19 BC 89 13 A5 04 64 02 E8 03 21 03 00 00 00 00 00 00 00 00 00 00 06 FE 00 00 06 00 00 54 C9 88 DE 66 54 90 
h1 bypass all
[09:45:59.161] F8 F8 B0 F0 08 00 00 00 00 34 00 14 02 07 09 2D 3A 00 00 80 07 24 00 01 8C 06 39 8A 01 19 BC 87 13 A5 04 89 02 E8 03 1C 03 00 00 00 00 00 00 00 00 00 00 06 00 00 00 06 00 00 65 58 42 D7 66 0B 2E 
h3 no bypass
[10:00:20.656] F8 F8 B0 F0 08 00 00 00 00 34 00 14 02 07 0A 00 15 00 00 80 07 00 00 01 8C 06 39 8A 01 19 BC 87 13 A5 04 82 02 E8 03 1C 03 00 00 00 00 00 00 00 00 00 00 06 00 00 00 06 00 00 20 CE 92 D8 66 69 DC
h2 bypass integral
[09:52:50.364] F8 F8 B0 F0 08 00 00 00 00 34 00 14 02 07 09 34 33 00 00 80 07 04 00 01 8C 06 39 8A 01 19 BC 89 13 A4 04 87 02 E8 03 1D 03 00 00 00 00 00 00 00 00 00 00 06 00 00 00 06 00 00 1E F2 E2 D7 66 AC 15 
[09:52:50.861] F8 F8 B0 F0 08 00 00 00 00 34 00 14 02 07 09 34 34 00 00 80 07 04 00 01 8C 06 39 8A 01 19 BC 88 13 A4 04 86 02 E8 03 15 03 00 00 00 00 00 00 00 00 00 00 06 00 00 00 06 00 00 22 24 E3 D7 66 C4 BE 
[09:52:51.360] F8 F8 B0 F0 08 00 00 00 00 34 00 14 02 07 09 34 34 00 00 80 07 04 00 01 8C 06 39 8A 01 19 BC 88 13 A5 04 86 02 E8 03 15 03 00 00 00 00 00 00 00 00 00 00 06 00 00 00 06 00 00 26 56 E3 D7 66 C0 91 
[09:52:51.860] F8 F8 B0 F0 08 00 00 00 00 34 00 14 02 07 09 34 35 00 00 80 07 04 00 01 8C 06 39 8A 01 19 BC 88 13 A5 04 86 02 E8 03 22 03 00 00 00 00 00 00 00 00 00 00 06 00 00 00 06 00 00 2A 88 E3 D7 66 AC 98 
[09:52:52.360] F8 F8 B0 F0 08 00 00 00 00 34 00 14 02 07 09 34 35 00 00 80 07 04 00 01 8C 06 39 8A 01 19 BC 88 13 A5 04 86 02 E8 03 22 03 00 00 00 00 00 00 00 00 00 00 06 00 00 00 06 00 00 2E BA E3 D7 66 2B D0 
[09:52:52.863] F8 F8 B0 F0 08 00 00 00 00 34 00 14 02 07 09 34 35 00 00 80 07 04 00 01 8C 06 39 8A 01 19 BC 88 13 A5 04 87 02 E8 03 1D 03 00 00 00 00 00 00 00 00 00 00 06 00 00 00 06 00 00 32 EC E3 D7 66 A9 C4 
[09:52:53.380] F8 F8 B0 F0 08 00 00 00 00 34 00 14 02 07 09 34 35 00 00 80 07 04 00 01 8C 06 39 8A 01 19 BC 88 13 A5 04 87 02 E8 03 1D 03 00 00 00 00 00 00 00 00 00 00 06 00 00 00 06 00 00 36 20 E4 D7 66 A9 34 
[09:52:53.883] F8 F8 B0 F0 08 00 00 00 00 34 00 14 02 07 09 34 36 00 00 80 07 04 00 01 8C 06 39 8A 01 19 BC 88 13 A4 04 88 02 E8 03 26 03 00 00 00 00 00 00 00 00 00 00 06 00 00 00 06 00 00 3A 52 E4 D7 66 23 A5 
[09:52:54.383] F8 F8 B0 F0 08 00 00 00 00 34 00 14 02 07 09 34 36 00 00 80 07 04 00 01 8C 06 39 8A 01 19 BC 88 13 A5 04 88 02 E8 03 26 03 00 00 00 00 00 00 00 00 00 00 06 00 00 00 06 00 00 3E 84 E4 D7 66 A0 AA 
[09:52:54.884] F8 F8 B0 F0 08 00 00 00 00 34 00 14 02 07 09 34 37 00 00 80 07 04 00 01 8C 06 39 8A 01 19 BC 88 13 A5 04 88 02 E8 03 24 03 00 00 00 00 00 00 00 00 00 00 06 00 00 00 06 00 00 42 B6 E4 D7 66 68 5E 
[09:52:55.399] F8 F8 B0 F0 08 00 00 00 00 34 00 14 02 07 09 34 38 00 00 80 07 04 00 01 8C 06 39 8A 01 19 BC 88 13 A5 04 88 02 E8 03 24 03 00 00 00 00 00 00 00 00 00 00 06 00 00 00 06 00 00 46 EA E4 D7 66 5D A3 
[09:52:55.881] F8 F8 B0 F0 08 00 00 00 00 34 00 14 02 07 09 34 38 00 00 80 07 04 00 01 8C 06 39 8A 01 19 BC 88 13 A5 04 89 02 E8 03 1A 03 00 00 00 00 00 00 00 00 00 00 06 00 00 00 06 00 00 4A 1A E5 D7 66 59 7E 
[09:52:56.381] F8 F8 B0 F0 08 00 00 00 00 34 00 14 02 07 09 34 39 00 00 80 07 04 00 01 8C 06 39 8A 01 19 BC 88 13 A4 04 8A 02 E8 03 1A 03 00 00 00 00 00 00 00 00 00 00 06 00 00 00 06 00 00 4E 4C E5 D7 66 BC 0C 
[09:52:56.881] F8 F8 B0 F0 08 00 00 00 00 34 00 14 02 07 09 34 39 00 00 80 07 04 00 01 8C 06 39 8A 01 19 BC 88 13 A5 04 8A 02 E8 03 1C 03 00 00 00 00 00 00 00 00 00 00 06 00 00 00 06 00 00 52 7E E5 D7 66 59 F9 
[09:52:57.381] F8 F8 B0 F0 08 00 00 00 00 34 00 14 02 07 09 34 3A 00 00 80 07 04 00 01 8C 06 39 8A 01 19 BC 88 13 A5 04 8A 02 E8 03 1C 03 00 00 00 00 00 00 00 00 00 00 06 00 00 00 06 00 00 56 B0 E5 D7 66 A6 27 
[09:52:57.884] F8 F8 B0 F0 08 00 00 00 00 34 00 14 02 07 09 34 3A 00 00 80 07 04 00 01 8C 06 39 8A 01 19 BC 87 13 A5 04 8B 02 E8 03 2E 03 00 00 00 00 00 00 00 00 00 00 06 00 00 00 06 00 00 5A E2 E5 D7 66 38 CA 
[09:52:58.382] F8 F8 B0 F0 08 00 00 00 00 34 00 14 02 07 09 34 3B 00 00 80 07 04 00 01 8C 06 39 8A 01 19 BC 87 13 A5 04 8B 02 E8 03 2E 03 00 00 00 00 00 00 00 00 00 00 06 00 00 00 06 00 00 5E 14 E6 D7 66 58 6F 
[09:52:58.881] F8 F8 B0 F0 08 00 00 00 00 34 00 14 02 07 09 34 3B 00 00 80 07 04 00 01 8C 06 39 8A 01 19 BC 87 13 A5 04 8B 02 E8 03 0D 03 00 00 00 00 00 00 00 00 00 00 06 01 00 00 06 00 00 62 46 E6 D7 66 24 71 
[09:52:59.381] F8 F8 B0 F0 08 00 00 00 00 34 00 14 02 07 09 35 00 00 00 80 07 04 00 01 8C 06 39 8A 01 19 BC 87 13 A5 04 8A 02 E8 03 0D 03 00 00 00 00 00 00 00 00 00 00 06 00 00 00 06 00 00 66 78 E6 D7 66 88 09 
[09:52:59.884] F8 F8 B0 F0 08 00 00 00 00 34 00 14 02 07 09 35 00 00 00 80 07 04 00 01 8C 06 39 8A 01 19 BC 86 13 A5 04 89 02 E8 03 1B 03 00 00 00 00 00 00 00 00 00 00 06 00 00 00 06 00 00 6A AA E6 D7 66 6B 01 
[09:53:00.379] F8 F8 B0 F0 08 00 00 00 00 34 00 14 02 07 09 35 01 00 00 80 07 04 00 01 8C 06 39 8A 01 19 BC 86 13 A5 04 89 02 E8 03 1B 03 00 00 00 00 00 00 00 00 00 00 06 00 00 00 06 00 00 6E DC E6 D7 66 63 20 
[09:53:00.880] F8 F8 B0 F0 08 00 00 00 00 34 00 14 02 07 09 35 01 00 00 80 07 04 00 01 8C 06 39 8A 01 19 BC 87 13 A5 04 89 02 E8 03 24 03 00 00 00 00 00 00 00 00 00 00 06 00 00 00 06 00 00 72 0E E7 D7 66 CA 69 
[09:53:01.383] F8 F8 B0 F0 08 00 00 00 00 34 00 14 02 07 09 35 02 00 00 80 07 04 00 01 8C 06 39 8A 01 19 BC 87 13 A5 04 89 02 E8 03 24 03 00 00 00 00 00 00 00 00 00 00 06 00 00 00 06 00 00 76 40 E7 D7 66 0D 6A 
[09:53:01.882] F8 F8 B0 F0 08 00 00 00 00 34 00 14 02 07 09 35 03 00 00 80 07 04 00 01 8C 06 39 8A 01 19 BC 87 13 A5 04 89 02 E8 03 33 03 00 00 00 00 00 00 00 00 00 00 06 00 00 00 06 00 00 7A 72 E7 D7 66 1F 28 
[09:53:02.382] F8 F8 B0 F0 08 00 00 00 00 34 00 14 02 07 09 35 03 00 00 80 07 04 00 01 8C 06 39 8A 01 19 BC 87 13 A5 04 88 02 E8 03 33 03 00 00 00 00 00 00 00 00 00 00 06 00 00 00 06 00 00 7E A4 E7 D7 66 17 0A 
[09:53:02.880] F8 F8 B0 F0 08 00 00 00 00 34 00 14 02 07 09 35 04 00 00 80 07 04 00 01 8C 06 39 8A 01 19 BC 87 13 A5 04 87 02 E8 03 11 03 00 00 00 00 00 00 00 00 00 00 06 00 00 00 06 00 00 82 D6 E7 D7 66 56 75 
[09:53:03.380] F8 F8 B0 F0 08 00 00 00 00 34 00 14 02 07 09 35 04 00 00 80 07 04 00 01 8C 06 39 8A 01 19 BC 87 13 A5 04 87 02 E8 03 11 03 00 00 00 00 00 00 00 00 00 00 06 00 00 00 06 00 00 86 08 E8 D7 66 38 DA 
[09:53:03.884] F8 F8 B0 F0 08 00 00 00 00 34 00 14 02 07 09 35 04 00 00 80 07 04 00 01 8C 06 39 8A 01 19 BC 87 13 A5 04 88 02 E8 03 14 03 00 00 00 00 00 00 00 00 00 00 06 00 00 00 06 00 00 8A 3A E8 D7 66 F0 B0 
[09:53:04.381] F8 F8 B0 F0 08 00 00 00 00 34 00 14 02 07 09 35 04 00 00 80 07 04 00 01 8C 06 39 8A 01 19 BC 87 13 A5 04 87 02 E8 03 14 03 00 00 00 00 00 00 00 00 00 00 06 00 00 00 06 00 00 8E 6C E8 D7 66 39 A0 
[09:53:04.904] F8 F8 B0 F0 08 00 00 00 00 34 00 14 02 07 09 35 05 00 00 80 07 04 00 01 8C 06 39 8A 01 19 BC 87 13 A5 04 88 02 E8 03 2D 03 00 00 00 00 00 00 00 00 00 00 06 00 00 00 06 00 00 93 A0 E8 D7 66 CF 20 
[09:53:05.400] F8 F8 B0 F0 08 00 00 00 00 34 00 14 02 07 09 35 05 00 00 80 07 04 00 01 8C 06 39 8A 01 19 BC 87 13 A5 04 88 02 E8 03 2D 03 00 00 00 00 00 00 00 00 00 00 06 00 00 00 06 00 00 96 D2 E8 D7 66 85 AC 
[09:53:05.901] F8 F8 B0 F0 08 00 00 00 00 34 00 14 02 07 09 35 06 00 00 80 07 04 00 01 8C 06 39 8A 01 19 BC 87 13 A5 04 88 02 E8 03 10 03 00 00 00 00 00 00 00 00 00 00 06 00 00 00 06 00 00 9A 04 E9 D7 66 C0 5A 

[09:53:06.902] F8 F8 B0 F0 08 00 00 00 00 34 00 14 02 07 09 35 07 00 00 80 07 04 00 01 8C 06 39 8A 01 19 BC 87 13 A5 04 88 02 E8 03 19 03 00 00 00 00 00 00 00 00 00 00 06 00 00 00 06 00 00 A3 68 E9 D7 66 6A BA 
[09:53:07.403] F8 F8 B0 F0 08 00 00 00 00 34 00 14 02 07 09 35 08 00 00 80 07 04 00 01 8C 06 39 8A 01 19 BC 87 13 A5 04 88 02 E8 03 19 03 00 00 00 00 00 00 00 00 00 00 06 00 00 00 06 00 00 A7 9A E9 D7 66 73 0F 
[09:53:07.902] F8 F8 B0 F0 08 00 00 00 00 34 00 14 02 07 09 35 08 00 00 80 07 04 00 01 8C 06 39 8A 01 19 BC 87 13 A5 04 87 02 E8 03 1E 03 00 00 00 00 00 00 00 00 00 00 06 00 00 00 06 00 00 AB CC E9 D7 66 9E 98 
[09:53:08.400] F8 F8 B0 F0 08 00 00 00 00 34 00 14 02 07 09 35 09 00 00 80 07 04 00 01 8C 06 39 8A 01 19 BC 87 13 A5 04 87 02 E8 03 1E 03 00 00 00 00 00 00 00 00 00 00 06 00 00 00 06 00 00 AE FE E9 D7 66 AA B7 
[09:53:08.901] F8 F8 B0 F0 08 00 00 00 00 34 00 14 02 07 09 35 09 00 00 80 07 04 00 01 8C 06 39 8A 01 19 BC 87 13 A5 04 87 02 E8 03 23 03 00 00 00 00 00 00 00 00 00 00 06 00 00 00 06 00 00 B3 30 EA D7 66 E7 59 
[09:53:09.404] F8 F8 B0 F0 08 00 00 00 00 34 00 14 02 07 09 35 0A 00 00 80 07 04 00 01 8C 06 39 8A 01 19 BC 87 13 A5 04 87 02 E8 03 23 03 00 00 00 00 00 00 00 00 00 00 06 00 00 00 06 00 00 B7 62 EA D7 66 B5 0E 
[09:53:09.903] F8 F8 B0 F0 08 00 00 00 00 34 00 14 02 07 09 35 0A 00 00 80 07 04 00 01 8C 06 39 8A 01 19 BC 87 13 A5 04 88 02 E8 03 53 06 00 00 00 00 00 00 00 00 00 00 06 00 00 00 06 00 00 BB 94 EA D7 66 B9 C6 
[09:53:10.400] F8 F8 B0 F0 08 00 00 00 00 34 00 14 02 07 09 35 0B 00 00 80 07 04 00 01 8C 06 39 8A 01 19 BC 87 13 A5 04 87 02 E8 03 53 06 00 00 00 00 00 00 00 00 00 00 06 00 00 00 06 00 00 BE C6 EA D7 66 32 7B 
[09:53:10.901] F8 F8 B0 F0 08 00 00 00 00 34 00 14 02 07 09 35 0B 00 00 80 07 04 00 01 8C 06 39 8A 01 19 BC 87 13 A5 04 87 02 E8 03 F1 05 00 00 00 00 00 00 00 00 00 00 06 01 00 00 06 00 00 C3 F8 EA D7 66 53 72 
[09:53:11.401] F8 F8 B0 F0 08 00 00 00 00 34 00 14 02 07 09 35 0C 00 00 80 07 04 00 01 8C 06 39 8A 01 19 BC 87 13 A5 04 87 02 E8 03 F1 05 00 00 00 00 00 00 00 00 00 00 06 00 00 00 06 00 00 C7 2A EB D7 66 AB 10 
[09:53:11.904] F8 F8 B0 F0 08 00 00 00 00 34 00 14 02 07 09 35 0C 00 00 80 07 04 00 01 8C 06 39 8A 01 19 BC 87 13 A5 04 86 02 E8 03 A4 06 00 00 00 00 00 00 00 00 00 00 06 01 00 00 06 00 00 CB 5C EB D7 66 9D 17 
[09:53:12.401] F8 F8 B0 F0 08 00 00 00 00 34 00 14 02 07 09 35 0D 00 00 80 07 04 00 
[09:53:12.434] 01 8C 06 39 8A 01 19 BC 87 13 A5 04 86 02 E8 03 A4 06 00 00 00 00 00 00 00 00 00 00 06 01 00 00 06 00 00 CE 8E EB D7 66 43 BC 
[09:53:12.900] F8 F8 B0 F0 08 00 00 00 00 34 00 14 02 07 09 35 0E 00 00 80 07 04 00 01 8C 06 39 8A 01 19 BC 87 13 A5 04 86 02 E8 03 5B 07 00 00 00 00 00 00 00 00 00 00 06 00 00 00 06 00 00 D2 C0 EB D7 66 C3 DA 
[09:53:13.400] F8 F8 B0 F0 08 00 00 00 00 34 00 14 02 07 09 35 0E 00 00 80 07 04 00 01 8C 06 39 8A 01 19 BC 87 13 A5 04 87 02 E8 03 5B 07 00 00 00 00 00 00 00 00 00 00 06 00 00 00 06 00 00 D7 F2 EB D7 66 81 1C 
[09:53:13.903] F8 F8 B0 F0 08 00 00 00 00 34 00 14 02 07 09 35 0F 00 00 80 07 04 00 01 8C 06 39 8A 01 19 BC 87 13 A5 04 87 02 E8 03 24 03 00 00 00 00 00 00 00 00 00 00 06 00 00 00 06 00 00 DB 24 EC D7 66 E7 28 
[09:53:14.399] F8 F8 B0 F0 08 00 00 00 00 34 00 14 02 07 09 35 0F 00 00 80 07 04 00 01 8C 06 39 8A 01 19 BC 88 13 A5 04 88 02 E8 03 24 03 00 00 00 00 00 00 00 00 00 00 06 00 00 00 06 00 00 DE 56 EC D7 66 41 1B 
[09:53:14.900] F8 F8 B0 F0 08 00 00 00 00 34 00 14 02 07 09 35 10 00 00 80 07 04 00 01 8C 06 39 8A 01 19 BC 88 13 A5 04 89 02 E8 03 2C 03 00 00 00 00 00 00 00 00 00 00 06 00 00 00 06 00 00 E2 88 EC D7 66 E6 4B 
[09:53:15.400] F8 F8 B0 F0 08 00 00 00 00 34 00 14 02 07 09 35 10 00 00 80 07 04 00 01 8C 06 39 8A 01 19 BC 88 13 A5 04 89 02 E8 03 2C 03 00 00 00 00 00 00 00 00 00 00 06 00 00 00 06 00 00 E7 BA EC D7 66 30 A9 
[09:53:15.900] F8 F8 B0 F0 08 00 
[09:53:15.918] 00 00 00 34 00 14 02 07 09 35 10 00 00 80 07 04 00 01 8C 06 39 8A 01 19 BC 88 13 A5 04 89 02 E8 03 13 03 00 00 00 00 00 00 00 00 00 00 06 00 00 00 06 00 00 EA EC EC D7 66 2D 37 
[09:53:16.416] F8 F8 B0 F0 08 00 00 00 00 34 00 14 02 07 09 35 10 00 00 80 07 04 00 01 8C 06 39 8A 01 19 BC 88 13 A5 04 88 02 E8 03 13 03 00 00 00 00 00 00 00 00 00 00 06 00 00 00 06 00 00 EF 20 ED D7 66 48 FB 
[09:53:16.919] F8 F8 B0 F0 08 00 00 00 00 34 00 14 02 07 09 35 11 00 00 80 07 04 00 01 8C 06 39 8A 01 19 BC 88 13 A5 04 88 02 E8 03 37 03 00 00 00 00 00 00 00 00 00 00 06 00 00 00 06 00 00 03 52 ED D7 66 3A 75 
[09:53:17.424] F8 F8 B0 F0 08 00 00 00 00 34 00 14 02 07 09 35 11 00 00 80 07 04 00 01 8C 06 39 8A 01 19 BC 88 13 A5 04 87 02 E8 03 37 03 00 00 00 00 00 00 00 00 00 00 06 00 00 00 06 00 00 07 84 ED D7 66 CB B8 
[09:53:17.923] F8 F8 B0 F0 08 00 00 00 00 34 00 14 02 07 09 35 12 00 00 80 07 04 00 01 8C 06 39 8A 01 19 BC 88 13 A5 04 87 02 E8 03 13 03 00 00 00 00 00 00 00 00 00 00 06 00 00 00 06 00 00 0B B6 ED D7 66 CC E8 
[09:53:18.423] F8 F8 B0 F0 08 00 00 00 00 34 00 14 02 07 09 35 13 00 00 80 07 04 00 01 8C 06 39 8A 01 19 BC 89 13 A5 04 88 02 E8 03 13 03 00 00 00 00 00 00 00 00 00 00 06 00 00 00 06 00 00 0F E8 ED D7 66 62 E9 
[09:53:18.921] F8 F8 B0 F0 08 00 00 00 00 34 00 14 02 07 09 35 13 00 00 80 07 04 00 01 8C 06 39 8A 01 19 BC 88 13 A5 04 87 02 E8 03 1C 03 00 00 00 00 00 00 00 00 00 00 06 00 00 00 06 00 00 13 1A EE D7 66 7D F2 
[09:53:19.419] F8 F8 B0 F0 08 00 00 00 00 34 00 14 02 07 09 35 14 00 00 80 07 04 00 01 8C 06 39 8A 01 19 BC 88 13 A5 04 86 02 E8 03 1C 03 00 00 00 00 00 00 00 00 00 00 06 00 00 00 06 00 00 17 4C EE D7 66 A1 4C 
[09:53:19.920] F8 F8 B0 F0 08 00 00 00 00 34 00 14 02 07 09 35 14 00 00 80 07 04 00 01 8C 06 39 8A 01 19 BC 88 13 A5 04 86 02 E8 03 19 03 00 00 00 00 00 00 00 00 00 00 06 00 00 00 06 00 00 1B 7E EE D7 66 04 ED 
[09:53:20.421] F8 F8 B0 F0 08 00 00 00 00 34 00 14 02 07 09 35 15 00 00 80 07 04 00 01 8C 06 39 8A 01 19 BC 88 13 A5 04 85 02 E8 03 19 03 00 00 00 00 00 00 00 00 00 00 06 00 00 00 06 00 00 1F B0 EE D7 66 A2 D5 
[09:53:20.922] F8 F8 B0 F0 08 00 00 00 00 34 00 14 02 07 09 35 15 00 00 80 07 04 00 01 8C 06 39 8A 01 19 BC 88 13 A5 04 84 02 E8 03 2A 03 00 00 00 00 00 00 00 00 00 00 06 00 00 00 06 00 00 23 E2 EE D7 66 50 77 
[09:53:21.421] F8 F8 B0 F0 08 00 00 00 00 34 00 14 02 07 09 35 16 00 00 80 07 04 00 01 8C 06 39 8A 01 19 BC 88 13 A5 04 83 02 E8 03 2A 03 00 00 00 00 00 00 00 00 00 00 06 00 00 00 06 00 00 27 14 EF D7 66 59 C8 
[09:53:21.921] F8 F8 B0 F0 08 00 00 00 00 34 00 14 02 07 09 35 16 00 00 80 07 04 00 01 8C 06 39 8A 01 19 BC 88 13 A5 04 83 02 E8 03 15 03 00 00 00 00 00 00 00 00 00 00 06 00 00 00 06 00 00 2B 46 EF D7 66 E4 36 
[09:53:22.422] F8 F8 B0 F0 08 00 00 00 00 34 00 14 02 07 09 35 17 00 00 80 07 04 00 01 8C 06 39 8A 01 19 BC 88 13 A5 04 83 02 E8 03 15 03 00 00 00 00 00 00 00 00 00 00 06 01 00 00 06 00 00 2F 78 EF D7 66 FA 24 
[09:53:22.921] F8 F8 B0 F0 08 00 00 00 00 34 00 14 02 07 09 35 17 00 00 80 07 04 00 01 8C 06 39 8A 01 19 BC 88 13 A5 04 83 02 E8 03 1B 03 00 00 00 00 00 00 00 00 00 00 06 00 00 00 06 00 00 33 AA EF D7 66 9A 2C 
[09:53:23.429] F8 F8 B0 F0 08 00 00 00 00 34 00 14 02 07 09 35 18 00 00 80 07 04 00 01 8C 06 39 8A 01 19 BC 88 13 A5 04 82 02 E8 03 1B 03 00 00 00 00 00 00 00 00 00 00 06 00 00 00 06 00 00 37 DD EF D7 66 6A DC 
[09:53:23.952] F8 F8 B0 F0 08 00 00 00 00 34 00 14 02 07 09 35 19 00 00 80 07 04 00 01 8C 06 39 8A 01 19 BC 88 13 A5 04 82 02 E8 03 21 03 00 00 00 00 00 00 00 00 00 00 06 00 00 00 06 00 00 3B 11 F0 D7 66 AD 0F 
[09:53:24.430] F8 F8 B0 F0 08 00 00 00 00 34 00 14 02 07 09 35 19 00 00 80 07 04 00 01 8C 06 39 8A 01 19 BC 88 13 A5 04 83 02 E8 03 21 03 00 00 00 00 00 00 00 00 00 00 06 00 00 00 06 00 00 3F 41 F0 D7 66 04 D7 
[09:53:24.924] F8 F8 B0 F0 08 00 00 00 00 34 00 14 02 07 09 35 1A 00 00 80 07 04 00 01 8C 06 39 8A 01 19 BC 88 13 A5 04 83 02 E8 03 2E 03 00 00 00 00 00 00 00 00 00 00 06 00 00 00 06 00 00 43 72 F0 D7 66 AB 9D 
[09:53:25.430] F8 F8 B0 F0 08 00 00 00 00 34 00 14 02 07 09 35 1A 00 00 80 07 04 00 01 8C 06 39 8A 01 19 BC 88 13 A5 04 83 02 E8 03 2E 03 00 00 00 00 00 00 00 00 00 00 06 00 00 00 06 00 00 47 A4 F0 D7 66 37 9B 
[09:53:25.930] F8 F8 B0 F0 08 00 00 00 00 34 00 14 02 07 09 35 1B 00 00 80 07 04 00 01 8C 06 39 8A 01 19 BC 88 13 A5 04 83 02 E8 03 FE 02 00 00 00 00 00 00 00 00 00 00 06 00 00 00 06 00 00 4B D6 F0 D7 66 0C 64 
[09:53:26.430] F8 F8 B0 F0 08 00 00 00 00 34 00 14 02 07 09 35 1B 00 00 80 07 04 00 01 8C 06 39 8A 01 19 BC 88 13 A5 04 83 02 E8 03 FE 02 00 00 00 00 00 00 00 00 00 00 06 00 00 00 06 00 00 4F 09 F1 D7 66 D7 A6 
[09:53:26.922] F8 F8 B0 F0 08 00 00 00 00 34 00 14 02 07 09 35 1B 00 00 80 07 04 00 01 8C 06 39 8A 01 19 BC 89 13 A5 04 83 02 E8 03 35 03 00 00 00 00 00 00 00 00 00 00 06 00 00 00 06 00 00 53 3A F1 D7 66 55 60 
[09:53:27.432] F8 F8 B0 F0 08 00 00 00 00 34 00 14 02 07 09 35 1B 00 00 80 07 04 00 01 8C 06 39 8A 01 19 BC 89 13 A5 04 84 02 E8 03 35 03 00 00 00 00 00 00 00 00 00 00 06 00 00 00 06 00 00 57 6D F1 D7 66 A9 32 
[09:53:27.944] F8 F8 B0 F0 08 00 00 00 00 34 00 14 02 07 09 35 1C 00 00 80 07 04 00 01 8C 06 39 8A 01 19 BC 89 13 A5 04 84 02 E8 03 1C 03 00 00 00 00 00 00 00 00 00 00 06 00 00 00 06 00 00 5B A0 F1 D7 66 D0 6D 
[09:53:28.444] F8 F8 B0 F0 08 00 00 00 00 34 00 14 02 07 09 35 1C 00 00 80 07 04 00 01 8C 06 39 8A 01 19 BC 88 13 A5 04 83 02 E8 03 1C 03 00 00 00 00 00 00 00 00 00 00 06 00 00 00 06 00 00 5F D2 F1 D7 66 61 ED 
[09:53:28.944] F8 F8 B0 F0 08 00 00 00 00 34 00 14 02 07 09 35 1D 00 00 80 07 04 00 01 8C 06 39 8A 01 19 BC 89 13 A5 04 83 02 E8 03 2A 03 00 00 00 00 00 00 00 00 00 00 06 00 00 00 06 00 00 63 04 F2 D7 66 35 5A 
[09:53:29.459] F8 F8 B0 F0 08 00 00 00 00 34 00 14 02 07 09 35 1E 00 00 80 07 04 00 01 8C 06 39 8A 01 19 BC 89 13 A5 04 83 02 E8 03 2A 03 00 00 00 00 00 00 00 00 00 00 06 00 00 00 06 00 00 67 37 F2 D7 66 01 22 
[09:53:29.944] F8 F8 B0 F0 08 00 00 00 00 34 00 14 02 07 09 35 1E 00 00 80 07 04 00 01 8C 06 39 8A 01 19 BC 89 13 A5 04 82 02 E8 03 22 03 00 00 00 00 00 00 00 00 00 00 06 00 00 00 06 00 00 6B 68 F2 D7 66 52 84 
[09:53:30.444] F8 F8 B0 F0 08 00 00 00 00 34 00 14 02 07 09 35 1F 00 00 80 07 04 00 01 8C 06 39 8A 01 19 BC 89 13 A5 04 83 02 E8 03 22 03 00 00 00 00 00 00 00 00 00 00 06 00 00 00 06 00 00 6F 9A F2 D7 66 07 96 
[09:53:30.944] F8 F8 B0 F0 08 00 00 00 00 34 00 14 02 07 09 35 1F 00 00 80 07 04 00 01 8C 06 39 8A 01 19 BC 89 13 A5 04 83 02 E8 03 28 03 00 00 00 00 00 00 00 00 00 00 06 00 00 00 06 00 00 73 CC F2 D7 66 EB 8D 
[09:53:31.444] F8 F8 B0 F0 08 00 00 00 00 34 00 14 02 07 09 35 20 00 00 80 07 04 00 01 8C 06 39 8A 01 19 BC 89 13 A5 04 82 02 E8 03 28 03 00 00 00 00 00 00 00 00 00 00 06 00 00 00 06 00 00 77 FE F2 D7 66 36 8F 
[09:53:31.940] F8 F8 B0 F0 08 00 00 00 00 34 00 14 02 07 09 35 20 00 00 80 07 04 00 01 8C 06 39 8A 01 19 BC 89 13 A5 04 82 02 E8 03 1E 03 00 00 00 00 00 00 00 00 00 00 06 00 00 00 06 00 00 7B 2F F3 D7 66 65 9F 
[09:53:32.440] F8 F8 B0 F0 08 00 00 00 00 34 00 14 02 07 09 35 21 00 00 80 07 04 00 01 8C 06 39 8A 01 19 BC 89 13 A5 04 82 02 E8 03 1E 03 00 00 00 00 00 00 00 00 00 00 06 00 00 00 06 00 00 7F 62 F3 D7 66 9B 8C 
[09:53:32.944] F8 F8 B0 F0 08 00 00 00 00 34 00 14 02 07 09 35 21 00 00 80 07 04 00 01 8C 06 39 8A 01 19 BC 89 13 A5 04 82 02 E8 03 38 03 00 00 00 00 00 00 00 00 00 00 06 00 00 00 06 00 00 83 94 F3 D7 66 9E B2 
[09:53:33.445] F8 F8 B0 F0 08 00 00 00 00 34 00 14 02 07 09 35 22 00 00 80 07 04 00 01 8C 06 39 8A 01 19 BC 89 13 A5 04 82 02 E8 03 38 03 00 00 00 00 00 00 00 00 00 00 06 00 00 00 06 00 00 87 C6 F3 D7 66 CC E5 
[09:53:33.946] F8 F8 B0 F0 08 00 00 00 00 34 00 14 02 07 09 35 22 00 00 80 07 04 00 01 8C 06 39 8A 01 19 BC 89 13 A5 04 82 02 E8 03 0D 03 00 00 00 00 00 00 00 00 00 00 06 00 00 00 06 00 00 8B F8 F3 D7 66 AE CB 
[09:53:34.447] F8 F8 B0 F0 08 00 00 00 00 34 00 14 02 07 09 35 23 00 00 80 07 04 00 01 8C 06 39 8A 01 19 BC 89 13 A5 04 82 02 E8 03 0D 03 00 00 00 00 00 00 00 00 00 00 06 00 00 00 06 00 00 8F 2A F4 D7 66 B1 4F 
[09:53:34.946] F8 F8 B0 F0 08 00 00 00 00 34 00 14 02 07 09 35 23 00 00 80 07 04 00 01 8C 06 39 8A 01 19 BC 89 13 A5 04 84 02 E8 03 20 03 00 00 00 00 00 00 00 00 00 00 06 00 00 00 06 00 00 93 5C F4 D7 66 C4 BD 
[09:53:35.445] F8 F8 B0 F0 08 00 00 00 00 34 00 14 02 07 09 35 24 00 00 80 07 04 00 01 8C 06 39 8A 01 19 BC 89 13 A5 04 85 02 E8 03 20 03 00 00 00 00 00 00 00 00 00 00 06 00 00 00 06 00 00 97 8E F4 D7 66 D1 14 
[09:53:35.940] F8 F8 B0 F0 08 00 00 00 00 34 00 14 02 07 09 35 25 00 00 80 07 04 00 01 8C 06 39 8A 01 19 BC 89 13 A5 04 86 02 E8 03 16 03 00 00 00 00 00 00 00 00 00 00 06 00 00 00 06 00 00 9B C0 F4 D7 66 9D 81 
[09:53:36.440] F8 F8 B0 F0 08 00 00 00 00 34 00 14 02 07 09 35 25 00 00 80 07 04 00 01 8C 06 39 8A 01 19 BC 89 13 A5 04 87 02 E8 03 16 03 00 00 00 00 00 00 00 00 00 00 06 00 00 00 06 00 00 9F F2 F4 D7 66 8E ED 
[09:53:36.944] F8 F8 B0 F0 08 00 00 00 00 34 00 14 02 07 09 35 26 00 00 80 07 04 00 01 8C 06 39 8A 01 19 BC 88 13 A5 04 87 02 E8 03 1D 03 00 00 00 00 00 00 00 00 00 00 06 00 00 00 06 00 00 A3 24 F5 D7 66 9C 3C 
[09:53:37.444] F8 F8 B0 F0 08 00 00 00 00 34 00 14 02 07 09 35 26 00 00 80 07 04 00 01 8C 06 39 8A 01 19 BC 88 13 A5 04 87 02 E8 03 1D 03 00 00 00 00 00 00 00 00 00 00 06 00 00 00 06 00 00 A7 56 F5 D7 66 87 1A 
[09:53:37.945] F8 F8 B0 F0 08 00 00 00 00 34 00 14 02 07 09 35 27 00 00 80 07 04 00 01 8C 06 39 8A 01 19 BC 88 13 A5 04 87 02 E8 03 20 03 00 00 00 00 00 00 00 00 00 00 06 00 00 00 06 00 00 AB 88 F5 D7 66 D4 D5 
[09:53:38.446] F8 F8 B0 F0 08 00 00 00 00 34 00 14 02 07 09 35 27 00 00 80 07 04 00 01 8C 06 39 8A 01 19 BC 89 13 A4 04 87 02 E8 03 20 03 00 00 00 00 00 00 00 00 00 00 06 00 00 00 06 00 00 AF BA F5 D7 66 0A CD 
[09:53:38.945] F8 F8 B0 F0 08 00 00 00 00 34 00 14 02 07 09 35 27 00 00 80 07 04 00 01 8C 06 39 8A 01 19 BC 88 13 A5 04 86 02 E8 03 1C 03 00 00 00 00 00 00 00 00 00 00 06 00 00 00 06 00 00 B3 EC F5 D7 66 D4 D0 
[09:53:39.460] F8 F8 B0 F0 08 00 00 00 00 34 00 14 02 07 09 35 27 00 00 80 07 04 00 01 8C 06 39 8A 01 19 BC 88 13 A5 04 86 02 E8 03 1C 03 00 00 00 00 00 00 00 00 00 00 06 00 00 00 06 00 00 B7 20 F6 D7 66 14 FC 
[09:53:39.964] F8 F8 B0 F0 08 00 00 00 00 34 00 14 02 07 09 35 28 00 00 80 07 04 00 01 8C 06 39 8A 01 19 BC 88 13 A5 04 86 02 E8 03 77 06 00 00 00 00 00 00 00 00 00 00 06 01 00 00 06 00 00 BB 52 F6 D7 66 A0 CF 
[09:53:40.488] F8 F8 B0 F0 08 00 00 00 00 34 00 14 02 07 09 35 29 00 00 80 07 04 00 01 8C 06 39 8A 01 19 BC 88 13 A5 04 87 02 E8 03 77 06 00 00 00 00 00 00 00 00 00 00 06 01 00 00 06 00 00 BF 84 F6 D7 66 4A 20 
[09:53:40.956] F8 F8 B0 F0 08 00 00 00 00 34 00 14 02 07 09 35 29 00 00 80 07 04 00 01 8C 06 39 8A 01 19 BC 88 13 A5 04 87 02 E8 03 B0 05 00 00 00 00 00 00 00 00 00 00 06 01 00 00 06 00 00 C3 B5 F6 D7 66 19 F5 
[09:53:41.470] F8 F8 B0 F0 08 00 00 00 00 34 00 14 02 07 09 35 2A 00 00 80 07 04 00 01 8C 06 39 8A 01 19 BC 89 13 A5 04 88 02 E8 03 B0 05 00 00 00 00 00 00 00 00 00 00 06 00 00 00 06 00 00 C7 E8 F6 D7 66 C7 3C 
[09:53:41.963] F8 F8 B0 F0 08 00 00 00 00 34 00 14 02 07 09 35 2A 00 00 80 07 04 00 01 8C 06 39 8A 01 19 BC 88 13 A5 04 88 02 E8 03 E4 06 00 00 00 00 00 00 00 00 00 00 06 01 00 00 06 00 00 CB 1A F7 D7 66 D9 51 
[09:53:42.462] F8 F8 B0 F0 08 00 00 00 00 34 00 14 02 07 09 35 2B 00 00 80 07 04 00 01 8C 06 39 8A 01 19 BC 89 13 A5 04 87 02 E8 03 E4 06 00 00 00 00 00 00 00 00 00 00 06 00 00 00 06 00 00 CF 4B F7 D7 66 D0 5C 
[09:53:42.961] F8 F8 B0 F0 08 00 00 00 00 34 00 14 02 07 09 35 2B 00 00 80 07 04 00 01 8C 06 39 8A 01 19 BC 89 13 A5 04 87 02 E8 03 0C 07 00 00 00 00 00 00 00 00 00 00 06 00 00 00 06 00 00 D3 7E F7 D7 66 2E 3D 
[09:53:43.462] F8 F8 B0 F0 08 00 00 00 00 34 00 14 02 07 09 35 2C 00 00 80 07 04 00 01 8C 06 39 8A 01 19 BC 89 13 A5 04 86 02 E8 03 0C 07 00 00 00 00 00 00 00 00 00 00 06 00 00 00 06 00 00 D7 B0 F7 D7 66 AE C0 
[09:53:43.965] F8 F8 B0 F0 08 00 00 00 00 34 00 14 02 07 09 35 2C 00 00 80 07 04 00 01 8C 06 39 8A 01 19 BC 89 13 A5 04 86 02 E8 03 1E 03 00 00 00 00 00 00 00 00 00 00 06 00 00 00 06 00 00 DB E2 F7 D7 66 8E 79 
[09:53:44.461] F8 F8 B0 F0 08 00 00 00 00 34 00 14 02 07 09 35 2D 00 00 80 07 04 00 01 8C 06 39 8A 01 19 BC 89 13 A5 04 87 02 E8 03 1E 03 00 00 00 00 00 00 00 00 00 00 06 00 00 00 06 00 00 DF 13 F8 D7 66 36 DC 
[09:53:44.962] F8 F8 B0 F0 08 00 00 00 00 34 00 14 02 07 09 35 2D 00 00 80 07 04 00 01 8C 06 39 8A 01 19 BC 89 13 A5 04 87 02 E8 03 20 03 00 00 00 00 00 00 00 00 00 00 06 00 00 00 06 00 00 E3 46 F8 D7 66 4B 48 
[09:53:45.461] F8 F8 B0 F0 08 00 00 00 00 34 00 14 02 07 09 35 2E 00 00 80 07 04 00 01 8C 06 39 8A 01 19 BC 89 13 A5 04 87 02 E8 03 20 03 00 00 00 00 00 00 00 00 00 00 06 00 00 00 06 00 00 E7 78 F8 D7 66 F9 09 
[09:53:45.961] F8 F8 B0 F0 08 00 00 00 00 34 00 14 02 07 09 35 2E 00 00 80 07 04 00 01 8C 06 39 8A 01 19 BC 89 13 A5 04 87 02 E8 03 25 03 00 00 00 00 00 00 00 00 00 00 06 00 00 00 06 00 00 EB AA F8 D7 66 B6 2C 
[09:53:46.461] F8 F8 B0 F0 08 00 00 00 00 34 00 14 02 07 09 35 2F 00 00 80 07 04 00 01 8C 06 39 8A 01 19 BC 88 13 A4 04 86 02 E8 03 25 03 00 00 00 00 00 00 00 00 00 00 06 00 00 00 06 00 00 EF DC F8 D7 66 73 79 
[09:53:46.961] F8 F8 B0 F0 08 00 00 00 00 34 00 14 02 07 09 35 30 00 00 80 07 04 00 01 8C 06 39 8A 01 19 BC 88 13 A4 04 85 02 E8 03 23 03 00 00 00 00 00 00 00 00 00 00 06 00 00 00 06 00 00 03 0D F9 D7 66 F3 AE 
[09:53:47.461] F8 F8 B0 F0 08 00 00 00 00 34 00 14 02 07 09 35 30 00 00 80 07 04 00 01 8C 06 39 8A 01 19 BC 88 13 A4 04 83 02 E8 03 23 03 00 00 00 00 00 00 00 00 00 00 06 00 00 00 06 00 00 07 40 F9 D7 66 97 AB 
[09:53:47.963] F8 F8 B0 F0 08 00 00 00 00 34 00 14 02 07 09 35 31 00 00 80 07 04 00 01 8C 06 39 8A 01 19 BC 88 13 A4 04 83 02 E8 03 18 03 00 00 00 00 00 00 00 00 00 00 06 00 00 00 06 00 00 0B 72 F9 D7 66 16 1D 
[09:53:48.464] F8 F8 B0 F0 08 00 00 00 00 34 00 14 02 07 09 35 31 00 00 80 07 04 00 01 8C 06 39 8A 01 19 BC 88 13 A4 04 84 02 E8 03 18 03 00 00 00 00 00 00 00 00 00 00 06 00 00 00 06 00 00 0F A4 F9 D7 66 66 E4 
[09:53:48.965] F8 F8 B0 F0 08 00 00 00 00 34 00 14 02 07 09 35 32 00 00 80 07 04 00 01 8C 06 39 8A 01 19 BC 88 13 A4 04 85 02 E8 03 1F 03 00 00 00 00 00 00 00 00 00 00 06 01 00 00 06 00 00 13 D6 F9 D7 66 D9 FB 
[09:53:49.464] F8 F8 B0 F0 08 00 00 00 00 34 00 14 02 07 09 35 32 00 00 80 07 04 00 01 8C 06 39 8A 01 19 BC 88 13 A4 04 85 02 E8 03 1F 03 00 00 00 00 00 00 00 00 00 00 06 00 00 00 06 00 00 17 08 FA D7 66 9F F9 
[09:53:49.965] F8 F8 B0 F0 08 
[09:53:49.982] 00 00 00 00 34 00 14 02 07 09 35 33 00 00 80 07 04 00 01 8C 06 39 8A 01 19 BC 88 13 A4 04 84 02 E8 03 14 03 00 00 00 00 00 00 00 00 00 00 06 00 00 00 06 00 00 1B 3A FA D7 66 7F AB 
[09:53:50.464] F8 F8 B0 F0 08 00 
[09:53:50.482] 00 00 00 34 00 14 02 07 09 35 33 00 00 80 07 04 00 01 8C 06 39 8A 01 19 BC 88 13 A4 04 83 02 E8 03 14 03 00 00 00 00 00 00 00 00 00 00 06 00 00 00 06 00 00 1F 6C FA D7 66 37 8F 
[09:53:50.981] F8 F8 B0 F0 08 00 00 00 00 34 00 14 02 07 09 35 33 00 00 80 07 04 00 01 8C 06 39 8A 01 19 BC 88 13 A4 04 83 02 E8 03 2B 03 00 00 00 00 00 00 00 00 00 00 06 00 00 00 06 00 00 23 9F FA D7 66 A6 E1 
[09:53:51.482] F8 F8 B0 F0 08 00 00 00 00 34 00 14 02 07 09 35 33 00 00 80 07 04 00 01 8C 06 39 8A 01 19 BC 88 13 A4 04 82 02 E8 03 2B 03 00 00 00 00 00 00 00 00 00 00 06 00 00 00 06 00 00 27 D2 FA D7 66 2E 1B 
[09:53:51.985] F8 F8 B0 F0 08 00 00 00 00 34 00 14 02 07 09 35 34 00 00 80 07 04 00 01 8C 06 39 8A 01 19 BC 89 13 A5 04 82 02 E8 03 1A 03 00 00 00 00 00 00 00 00 00 00 06 00 00 00 06 00 00 2B 04 FB D7 66 EC CE 
[09:53:52.485] F8 F8 B0 F0 08 00 00 00 00 34 00 14 02 07 09 35 35 00 00 80 07 04 00 01 8C 06 39 8A 01 19 BC 88 13 A5 04 82 02 E8 03 1A 03 00 00 00 00 00 00 00 00 00 00 06 00 00 00 06 00 00 2F 36 FB D7 66 CF 12 
[09:53:52.982] F8 F8 B0 F0 08 00 00 00 00 34 00 14 02 07 09 35 35 00 00 80 07 04 00 01 8C 06 39 8A 01 19 BC 88 13 A5 04 82 02 E8 03 1F 03 00 00 00 00 00 00 00 00 00 00 06 00 00 00 06 00 00 33 67 FB D7 66 3E 75 
[09:53:53.483] F8 F8 B0 F0 08 00 00 00 00 34 00 14 02 07 09 35 36 00 00 80 07 04 00 01 8C 06 39 8A 01 19 BC 88 13 A5 04 83 02 E8 03 1F 03 00 00 00 00 00 00 00 00 00 00 06 00 00 00 06 00 00 37 9A FB D7 66 60 38 
[09:53:53.985] F8 F8 B0 F0 08 00 00 00 00 34 00 14 02 07 09 35 36 00 00 80 07 04 00 01 8C 06 39 8A 01 19 BC 88 13 A5 04 84 02 E8 03 1C 03 00 00 00 00 00 00 00 00 00 00 06 00 00 00 06 00 00 3B CC FB D7 66 00 47 
[09:53:54.477] F8 F8 B0 F0 08 00 00 00 00 34 00 14 02 07 09 35 37 00 00 80 07 04 00 01 8C 06 39 8A 01 19 BC 89 13 A5 04 83 02 E8 03 1C 03 00 00 00 00 00 00 00 00 00 00 06 00 00 00 06 00 00 3F FD FB D7 66 13 FF 
[09:53:54.980] F8 F8 
[09:53:54.997] B0 F0 08 00 00 00 00 34 00 14 02 07 09 35 37 00 00 80 07 04 00 01 8C 06 39 8A 01 19 BC 89 13 A5 04 82 02 E8 03 29 03 00 00 00 00 00 00 00 00 00 00 06 00 00 00 06 00 00 43 30 FC D7 66 62 69 
[09:53:55.484] F8 F8 B0 F0 08 00 00 00 00 34 00 14 02 07 09 35 38 00 00 80 07 04 00 01 8C 06 39 8A 01 19 BC 89 13 A5 04 81 02 E8 03 29 03 00 00 00 00 00 00 00 00 00 00 06 00 00 00 06 00 00 47 62 FC D7 66 B1 5B 
[09:53:55.984] F8 F8 B0 F0 08 00 00 00 00 34 00 14 02 07 09 35 38 00 00 80 07 04 00 01 8C 06 39 8A 01 19 BC 89 13 A5 04 82 02 E8 03 29 03 00 00 00 00 00 00 00 00 00 00 06 00 00 00 06 00 00 4B 94 FC D7 66 F2 05 
[09:53:56.481] F8 F8 B0 F0 08 00 00 00 00 34 00 14 02 07 09 35 39 00 00 80 07 04 00 01 8C 06 39 8A 01 19 BC 89 13 A5 04 83 02 E8 03 29 03 00 00 00 00 00 00 00 00 00 00 06 00 00 00 06 00 00 4F C5 FC D7 66 0D 66 
[09:53:56.981] F8 F8 B0 F0 08 00 00 00 00 34 00 14 02 07 09 35 39 00 00 80 07 04 00 01 8C 06 39 8A 01 19 BC 89 13 A5 04 83 02 E8 03 33 03 00 00 00 00 00 00 00 00 00 00 06 00 00 00 06 00 00 53 F8 FC D7 66 7F 7A 
[09:53:57.484] F8 F8 B0 F0 08 00 00 00 00 34 00 14 02 07 09 35 3A 00 00 80 07 04 00 01 8C 06 39 8A 01 19 BC 89 13 A5 04 82 02 E8 03 33 03 00 00 00 00 00 00 00 00 00 00 06 00 00 00 06 00 00 57 2A FD D7 66 B1 E3 
[09:53:57.999] F8 F8 B0 F0 08 00 00 00 00 34 00 14 02 07 09 35 3B 00 00 80 07 04 00 01 8C 06 39 8A 01 19 BC 89 13 A5 04 83 02 E8 03 0F 03 00 00 00 00 00 00 00 00 00 00 06 00 00 00 06 00 00 5B 5D FD D7 66 74 26 
[09:53:58.480] F8 F8 B0 F0 08 00 00 00 00 34 00 14 02 07 09 35 3B 00 00 80 07 04 00 01 8C 06 39 8A 01 19 BC 89 13 A5 04 83 02 E8 03 0F 03 00 00 00 00 00 00 00 00 00 00 06 00 00 00 06 00 00 5F 8D FD D7 66 71 07 
[09:53:58.981] F8 F8 B0 F0 08 00 00 00 00 34 00 14 02 07 09 36 00 00 00 80 07 04 00 01 8C 06 39 8A 01 19 BC 89 13 A5 04 83 02 E8 03 0A 03 00 00 00 00 00 00 00 00 00 00 06 00 00 00 06 00 00 63 BF FD D7 66 1D EC 
[09:53:59.481] F8 F8 B0 F0 08 00 00 00 00 34 00 14 02 07 09 36 00 00 00 80 07 04 00 01 8C 06 39 8A 01 19 BC 89 13 A5 04 84 02 E8 03 0A 03 00 00 00 00 00 00 00 00 00 00 06 00 00 00 06 00 00 67 F1 FD D7 66 31 56 
[09:53:59.980] F8 F8 B0 F0 08 00 00 00 00 34 00 14 02 07 09 36 01 00 00 80 07 04 00 01 8C 06 39 8A 01 19 BC 89 13 A5 04 83 02 E8 03 23 03 00 00 00 00 00 00 00 00 00 00 06 00 00 00 06 00 00 6B 23 FE D7 66 B3 EC 
[09:54:00.480] F8 F8 B0 F0 
[09:54:00.497] 08 00 00 00 00 34 00 14 02 07 09 36 01 00 00 80 07 04 00 01 8C 06 39 8A 01 19 BC 89 13 A5 04 83 02 E8 03 23 03 00 00 00 00 00 00 00 00 00 00 06 00 00 00 06 00 00 6F 55 FE D7 66 59 00 
[09:54:00.983] F8 F8 B0 F0 08 00 00 00 00 34 00 14 02 07 09 36 02 00 00 80 07 04 00 01 8C 06 39 8A 01 19 BC 89 13 A4 04 84 02 E8 03 28 03 00 00 00 00 00 00 00 00 00 00 06 00 00 00 06 00 00 73 87 FE D7 66 8B 8B 
[09:54:01.482] F8 F8 B0 F0 08 00 00 00 00 34 00 14 02 07 09 36 02 00 00 80 07 04 00 01 8C 06 39 8A 01 19 BC 89 13 A4 04 83 02 E8 03 28 03 00 00 00 00 00 00 00 00 00 00 06 00 00 00 06 00 00 77 B9 FE D7 66 D2 73 
[09:54:01.984] F8 F8 B0 F0 08 00 00 00 00 34 00 14 02 07 09 36 02 00 00 80 07 04 00 01 8C 06 39 8A 01 19 BC 89 13 A4 04 84 02 E8 03 15 03 00 00 00 00 00 00 00 00 00 00 06 00 00 00 06 00 00 7B EB FE D7 66 85 1C 
[09:54:02.500] F8 F8 B0 F0 08 00 00 00 00 34 00 14 02 07 09 36 02 00 00 80 07 04 00 01 8C 06 39 8A 01 19 BC 89 13 A4 04 83 02 E8 03 15 03 00 00 00 00 00 00 00 00 00 00 06 00 00 00 06 00 00 7F 1F FF D7 66 E3 08 
[09:54:03.001] F8 F8 B0 F0 08 00 00 00 00 34 00 14 02 07 09 36 03 00 00 80 07 04 00 01 8C 06 39 8A 01 19 BC 89 13 A4 04 83 02 E8 03 23 03 00 00 00 00 00 00 00 00 00 00 06 00 00 00 06 00 00 83 51 FF D7 66 45 CF 
[09:54:03.502] F8 F8 B0 F0 08 00 00 00 00 34 00 14 02 07 09 36 03 00 00 80 07 04 00 01 8C 06 39 8A 01 19 BC 89 13 A4 04 83 02 E8 03 23 03 00 00 00 00 00 00 00 00 00 00 06 00 00 00 06 00 00 87 83 FF D7 66 28 03 
[09:54:04.002] F8 F8 B0 F0 08 00 00 00 00 34 00 14 02 07 09 36 04 00 00 80 07 04 00 01 8C 06 39 8A 01 19 BC 89 13 A4 04 83 02 E8 03 2A 03 00 00 00 00 00 00 00 00 00 00 06 00 00 00 06 00 00 8B B5 FF D7 66 A5 5D 
[09:54:04.504] F8 F8 B0 F0 08 00 00 00 00 34 00 14 02 07 09 36 05 00 00 80 07 04 00 01 8C 06 39 8A 01 19 BC 88 13 A5 04 82 02 E8 03 2A 03 00 00 00 00 00 00 00 00 00 00 06 00 00 00 06 00 00 8F E7 FF D7 66 DF F5 
[09:54:05.001] F8 F8 B0 F0 08 00 00 00 00 34 00 14 02 07 09 36 05 00 00 80 07 04 00 01 8C 06 39 8A 01 19 BC 88 13 A5 04 82 02 E8 03 26 03 00 00 00 00 00 00 00 00 00 00 06 00 00 00 06 00 00 93 19 00 D8 66 D1 EC 
[09:54:05.501] F8 F8 B0 F0 08 00 00 00 00 34 00 14 02 07 09 36 06 00 00 80 07 04 00 01 8C 06 39 8A 01 19 BC 88 13 A5 04 82 02 E8 03 26 03 00 00 00 00 00 00 00 00 00 00 06 00 00 00 06 00 00 97 4B 00 D8 66 83 BB 
[09:54:06.002] F8 F8 B0 F0 08 00 00 00 00 34 00 14 02 07 09 36 06 00 00 80 07 04 00 01 8C 06 39 8A 01 19 BC 89 13 A5 04 81 02 E8 03 2A 03 00 00 00 00 00 00 00 00 00 00 06 01 00 00 06 00 00 9B 7D 00 D8 66 5E A3 
[09:54:06.504] F8 F8 B0 F0 08 00 00 00 00 34 00 14 02 07 09 36 07 00 00 80 07 04 00 01 8C 06 39 8A 01 19 BC 88 13 A5 04 83 02 E8 03 2A 03 00 00 00 00 00 00 00 00 00 00 06 00 00 00 06 00 00 9F AF 00 D8 66 F6 6A 
[09:54:07.001] F8 F8 B0 F0 08 00 00 00 00 34 00 14 02 07 09 36 07 00 00 80 07 04 00 01 8C 06 39 8A 01 19 BC 88 13 A5 04 83 02 E8 03 15 03 00 00 00 00 00 00 00 00 00 00 06 00 00 00 06 00 00 A3 E1 00 D8 66 30 CC 
[09:54:07.504] F8 F8 B0 F0 08 00 00 00 00 34 00 14 02 07 09 36 08 00 00 80 07 04 00 01 8C 06 39 8A 01 19 BC 88 13 A5 04 83 02 E8 03 15 03 00 00 00 00 00 00 00 00 00 00 06 00 00 00 06 00 00 A7 13 01 D8 66 19 4E 
[09:54:08.001] F8 F8 B0 F0 08 00 00 00 00 34 00 14 02 07 09 36 08 00 00 80 07 04 00 01 8C 06 39 8A 01 19 BC 88 13 A5 04 82 02 E8 03 26 03 00 00 00 00 00 00 00 00 00 00 06 00 00 00 06 00 00 AB 45 01 D8 66 F4 2A 
[09:54:08.501] F8 F8 B0 F0 08 00 00 00 00 34 00 14 02 07 09 36 09 00 00 80 07 04 00 01 8C 06 39 8A 01 19 BC 88 13 A5 04 81 02 E8 03 26 03 00 00 00 00 00 00 00 00 00 00 06 00 00 00 06 00 00 AF 77 01 D8 66 2D C2 
[09:54:09.021] F8 F8 B0 F0 08 00 00 00 00 34 00 14 02 07 09 36 0A 00 00 80 07 04 00 01 8C 06 39 8A 01 19 BC 88 13 A5 04 82 02 E8 03 2B 03 00 00 00 00 00 00 00 00 00 00 06 00 00 00 06 00 00 B3 A9 01 D8 66 88 2F 
[09:54:09.504] F8 F8 B0 F0 08 00 00 00 00 34 00 14 02 07 09 36 0A 00 00 80 07 04 00 01 8C 06 39 8A 01 19 BC 88 13 A5 04 82 02 E8 03 2B 03 00 00 00 00 00 00 00 00 00 00 06 01 00 00 06 00 00 B7 DB 01 D8 66 DA D1 
[09:54:10.004] F8 F8 B0 F0 08 00 00 00 00 34 00 14 02 07 09 36 0B 00 00 80 07 04 00 01 8C 06 39 8A 01 19 BC 88 13 A5 04 82 02 E8 03 79 06 00 00 00 00 00 00 00 00 00 00 06 01 00 00 06 00 00 BB 0D 02 D8 66 E7 9F 
[09:54:10.504] F8 F8 B0 F0 08 00 00 00 00 34 00 14 02 07 09 36 0B 00 00 80 07 04 00 01 8C 06 39 8A 01 19 BC 88 13 A5 04 83 02 E8 03 79 06 00 00 00 00 00 00 00 00 00 00 06 00 00 00 06 00 00 BF 3F 02 D8 66 BD 2B 
[09:54:11.003] F8 F8 B0 F0 08 00 00 00 00 34 00 14 02 07 09 36 0C 00 00 80 07 04 00 01 8C 06 39 8A 01 19 BC 88 13 A5 04 83 02 E8 03 B1 05 00 00 00 00 00 00 00 00 00 00 06 01 00 00 06 00 00 C3 71 02 D8 66 E0 DC 
[09:54:11.501] F8 F8 B0 F0 08 00 00 00 00 34 00 14 02 07 09 36 0C 00 00 80 07 04 00 01 8C 06 39 8A 01 19 BC 88 13 A5 04 85 02 E8 03 B1 05 00 00 00 00 00 00 00 00 00 00 06 01 00 00 06 00 00 C7 A3 02 D8 66 F5 CB 
[09:54:12.000] F8 F8 B0 F0 08 00 00 00 00 34 00 14 02 07 09 36 0D 00 00 80 07 04 00 01 8C 06 39 8A 01 19 BC 89 13 A5 04 85 02 E8 03 1E 07 00 00 00 00 00 00 00 00 00 00 06 00 00 00 06 00 00 CB D5 02 D8 66 85 2C 
[09:54:12.503] F8 F8 B0 F0 08 00 00 00 00 34 00 14 02 07 09 36 0D 00 00 80 07 04 00 01 8C 06 39 8A 01 19 BC 89 13 A5 04 84 02 E8 03 1E 07 00 00 00 00 00 00 00 00 00 00 06 00 00 00 06 00 00 CF 07 03 D8 66 4C F3 
[09:54:13.002] F8 F8 B0 F0 08 00 00 00 00 34 00 14 02 07 09 36 0E 00 00 80 07 04 00 01 8C 06 39 8A 01 19 BC 89 13 A5 04 84 02 E8 03 CA 06 00 00 00 00 00 00 00 00 00 00 06 00 00 00 06 00 00 D3 39 03 D8 66 6A 7E 
[09:54:13.503] F8 F8 B0 F0 08 00 00 00 00 34 00 14 02 07 09 36 0E 00 00 80 07 04 00 01 8C 06 39 8A 01 19 BC 89 13 A5 04 84 02 E8 03 CA 06 00 00 00 00 00 00 00 00 00 00 06 00 00 00 06 00 00 D7 6B 03 D8 66 3F 6F 
[09:54:14.021] F8 F8 B0 F0 08 00 00 00 00 34 00 14 02 07 09 36 0E 00 00 80 07 04 00 01 8C 06 39 8A 01 19 BC 89 13 A5 04 84 02 E8 03 1C 03 00 00 00 00 00 00 00 00 00 00 06 00 00 00 06 00 00 DB 9F 03 D8 66 40 91 
[09:54:14.541] F8 F8 B0 F0 08 00 00 00 00 34 00 14 02 07 09 36 0F 00 00 80 07 04 00 01 8C 06 39 8A 01 19 BC 89 13 A5 04 85 02 E8 03 1C 03 00 00 00 00 00 00 00 00 00 00 06 00 00 00 06 00 00 DF D1 03 D8 66 F6 3D 
[09:54:15.022] F8 F8 B0 F0 08 00 00 00 00 34 00 14 02 07 09 36 0F 00 00 80 07 04 00 01 8C 06 39 8A 01 19 BC 89 13 A5 04 85 02 E8 03 27 03 00 00 00 00 00 00 00 00 00 00 06 00 00 00 06 00 00 E3 03 04 D8 66 01 4B 
[09:54:15.523] F8 F8 B0 F0 08 00 00 00 00 34 00 14 02 07 09 36 10 00 00 80 07 04 00 01 8C 06 39 8A 01 19 BC 89 13 A5 04 85 02 E8 03 27 03 00 00 00 00 00 00 00 00 00 00 06 01 00 00 06 00 00 E7 35 04 D8 66 A8 40 
[09:54:16.024] F8 F8 B0 F0 08 00 00 00 00 34 00 14 02 07 09 36 10 00 00 80 07 04 00 01 8C 06 39 8A 01 19 BC 89 13 A5 04 85 02 E8 03 14 03 00 00 00 00 00 00 00 00 00 00 06 01 00 00 06 00 00 EB 67 04 D8 66 20 CA 
[09:54:16.524] F8 F8 B0 F0 08 00 00 00 00 34 00 14 02 07 09 36 11 00 00 80 07 04 00 01 8C 06 39 8A 01 19 BC 88 13 A5 04 85 02 E8 03 14 03 00 00 00 00 00 00 00 00 00 00 06 00 00 00 06 00 00 EF 99 04 D8 66 DC 32 
[09:54:17.025] F8 F8 B0 F0 08 00 00 00 00 34 00 14 02 07 09 36 11 00 00 80 07 04 00 01 8C 06 39 8A 01 19 BC 88 13 A5 04 84 02 E8 03 0D 03 00 00 00 00 00 00 00 00 00 00 06 00 00 00 06 00 00 03 CB 04 D8 66 55 E1 
[09:54:17.524] F8 F8 B0 F0 08 00 00 00 00 34 00 14 02 07 09 36 12 00 00 80 07 04 00 01 8C 06 39 8A 01 19 BC 88 13 A5 04 83 02 E8 03 0D 03 00 00 00 00 00 00 00 00 00 00 06 01 00 00 06 00 00 07 FD 04 D8 66 81 02 
[09:54:18.022] F8 F8 B0 F0 08 00 00 00 00 34 00 14 02 07 09 36 12 00 00 80 07 04 00 01 8C 06 39 8A 01 19 BC 88 13 A5 04 84 02 E8 03 2F 03 00 00 00 00 00 00 00 00 00 00 06 00 00 00 06 00 00 0B 2F 05 D8 66 F4 32 
[09:54:18.520] F8 F8 B0 F0 08 00 00 00 00 34 00 14 02 07 09 36 13 00 00 80 07 04 00 01 8C 06 39 8A 01 19 BC 88 13 A5 04 83 02 E8 03 2F 03 00 00 00 00 00 00 00 00 00 00 06 00 00 00 06 00 00 0F 61 05 D8 66 3A 45 
[09:54:19.021] F8 F8 B0 F0 08 00 00 00 00 34 00 14 02 07 09 36 13 00 00 80 07 04 00 01 8C 06 39 8A 01 19 BC 88 13 A5 04 83 02 E8 03 19 03 00 00 00 00 00 00 00 00 00 00 06 00 00 00 06 00 00 13 93 05 D8 66 91 CA 
[09:54:19.522] F8 F8 B0 F0 08 00 00 00 00 34 00 14 02 07 09 36 14 00 00 80 07 04 00 01 8C 06 39 8A 01 19 BC 88 13 A5 04 82 02 E8 03 19 03 00 00 00 00 00 00 00 00 00 00 06 00 00 00 06 00 00 17 C5 05 D8 66 4D 74 
[09:54:20.040] F8 F8 B0 F0 08 00 00 00 00 34 00 14 02 07 09 36 15 00 00 80 07 04 00 01 8C 06 39 8A 01 19 BC 87 13 A5 04 82 02 E8 03 1E 03 00 00 00 00 00 00 00 00 00 00 06 00 00 00 06 00 00 1B F7 05 D8 66 8D 02 
[09:54:20.524] F8 F8 B0 F0 08 00 00 00 00 34 00 14 02 07 09 36 15 00 00 80 07 04 00 01 8C 06 39 8A 01 19 BC 88 13 A5 04 82 02 E8 03 1E 03 00 00 00 00 00 00 00 00 00 00 06 00 00 00 06 00 00 1F 29 06 D8 66 03 AC 
[09:54:21.022] F8 F8 B0 F0 08 00 00 00 00 34 00 14 02 07 09 36 16 00 00 80 07 04 00 01 8C 06 39 8A 01 19 BC 88 13 A5 04 82 02 E8 03 09 03 00 00 00 00 00 00 00 00 00 00 06 01 00 00 06 00 00 23 5B 06 D8 66 CF DF 
[09:54:21.522] F8 F8 B0 F0 08 00 00 00 00 34 00 14 02 07 09 36 16 00 00 80 07 04 00 01 8C 06 39 8A 01 19 BC 88 13 A5 04 82 02 E8 03 09 03 00 00 00 00 00 00 00 00 00 00 06 00 00 00 06 00 00 27 8D 06 D8 66 1A 01 
[09:54:22.025] F8 F8 B0 F0 08 00 00 00 00 34 00 14 02 07 09 36 17 00 00 80 07 04 00 01 8C 06 39 8A 01 19 BC 88 13 A5 04 82 02 E8 03 19 03 00 00 00 00 00 00 00 00 00 00 06 00 00 00 06 00 00 2B BF 06 D8 66 01 C6 
[09:54:22.522] F8 F8 B0 F0 08 00 00 00 00 34 00 14 02 07 09 36 17 00 00 80 07 04 00 01 8C 06 39 8A 01 19 BC 88 13 A5 04 80 02 E8 03 19 03 00 00 00 00 00 00 00 00 00 00 06 00 00 00 06 00 00 2F F1 06 D8 66 E9 CA 
[09:54:23.022] F8 F8 B0 F0 08 00 00 00 00 34 00 14 02 07 09 36 18 00 00 80 07 04 00 01 8C 06 39 8A 01 19 BC 88 13 A5 04 80 02 E8 03 1C 03 00 00 00 00 00 00 00 00 00 00 06 00 00 00 06 00 00 33 23 07 D8 66 F6 92 
[09:54:23.522] F8 F8 B0 F0 08 00 00 00 00 34 00 14 02 07 09 36 18 00 00 80 07 04 00 01 8C 06 39 8A 01 19 BC 88 13 A5 04 80 02 E8 03 1C 03 00 00 00 00 00 00 00 00 00 00 06 00 00 00 06 00 00 37 55 07 D8 66 1C 7E 
[09:54:24.023] F8 F8 B0 F0 08 00 00 00 00 34 00 14 02 07 09 36 19 00 00 80 07 04 00 01 8C 06 39 8A 01 19 BC 88 13 A4 04 81 02 E8 03 21 03 00 00 00 00 00 00 00 00 00 00 06 00 00 00 06 00 00 3B 87 07 D8 66 F6 D3 
[09:54:24.523] F8 F8 B0 F0 08 00 00 00 00 34 00 14 02 07 09 36 19 00 00 80 07 04 00 01 8C 06 39 8A 01 19 BC 88 13 A4 04 81 02 E8 03 21 03 00 00 00 00 00 00 00 00 00 00 06 00 00 00 06 00 00 3F B9 07 D8 66 43 D4 
[09:54:25.022] F8 F8 B0 F0 08 00 00 00 00 34 00 14 02 07 09 36 19 00 00 80 07 04 00 01 8C 06 39 8A 01 19 BC 89 13 A4 04 82 02 E8 03 22 03 00 00 00 00 00 00 00 00 00 00 06 00 00 00 06 00 00 43 EB 07 D8 66 42 B7 
[09:54:25.564] F8 F8 B0 F0 08 00 00 00 00 34 00 14 02 07 09 36 1A 00 00 80 07 04 00 01 8C 06 39 8A 01 19 BC 88 13 A4 04 83 02 E8 03 22 03 00 00 00 00 00 00 00 00 00 00 06 00 00 00 06 00 00 48 1F 08 D8 66 E5 19 
[09:54:26.045] F8 F8 B0 F0 08 00 00 00 00 34 00 14 02 07 09 36 1A 00 00 80 07 04 00 01 8C 06 39 8A 01 19 BC 88 13 A5 04 83 02 E8 03 1E 03 00 00 00 00 00 00 00 00 00 00 06 00 00 00 06 00 00 4C 51 08 D8 66 FA E1 
[09:54:26.541] F8 F8 B0 F0 08 00 00 00 00 34 00 14 02 07 09 36 1B 00 00 80 07 04 00 01 8C 06 39 8A 01 19 BC 88 13 A5 04 83 02 E8 03 1E 03 00 00 00 00 00 00 00 00 00 00 06 00 00 00 06 00 00 50 83 08 D8 66 02 E6 
[09:54:27.041] F8 F8 B0 F0 08 00 00 00 00 34 00 14 02 07 09 36 1B 00 00 80 07 04 00 01 8C 06 39 8A 01 19 BC 88 13 A5 04 83 02 E8 03 22 03 00 00 00 00 00 00 00 00 00 00 06 00 00 00 06 00 00 54 B5 08 D8 66 B4 D0 
[09:54:27.544] F8 F8 B0 F0 08 00 00 00 00 34 00 14 02 07 09 36 1C 00 00 80 07 04 00 01 8C 06 39 8A 01 19 BC 88 13 A5 04 83 02 E8 03 22 03 00 00 00 00 00 00 00 00 00 00 06 00 00 00 06 00 00 58 E7 08 D8 66 20 82 
[09:54:28.042] F8 F8 B0 F0 08 00 00 00 00 34 00 14 02 07 09 36 1C 00 00 80 07 04 00 01 8C 06 39 8A 01 19 BC 89 13 A5 04 83 02 E8 03 27 03 00 00 00 00 00 00 00 00 00 00 06 00 00 00 06 00 00 5C 19 09 D8 66 48 B3 