h3 no bypass
																16		8	9 10 11 12 13 14 15				31 32 33 34 35 36 37 38 39 40
[10:00:14.147] F8 F8 B0 F0 08 00 00 00 00 34 00 14 02 07 0A 00 0E 00 00 80 07 00 00 01 8C 06 39 8A 01 19 BC 88 13 A5 04 85 02 E8 03 70 04 00 00 00 00 00 00 00 00 00 00 06 00 00 00 06 00 00 DC 44 90 D8 66 19 A0 
[10:00:14.648] F8 F8 B0 F0 08 00 00 00 00 34 00 14 02 07 0A 00 0F 00 00 80 07 00 00 01 8C 06 39 8A 01 19 BC 88 13 A5 04 86 02 E8 03 16 03 00 00 00 00 00 00 00 00 00 00 06 00 00 00 06 00 00 E0 76 90 D8 66 D2 4E 
[10:00:15.147] F8 F8 B0 F0 08 00 00 00 00 34 00 14 02 07 0A 00 10 00 00 80 07 00 00 01 8C 06 39 8A 01 19 BC 88 13 A5 04 85 02 E8 03 16 03 00 00 00 00 00 00 00 00 00 00 06 01 00 00 06 00 00 E4 A8 90 D8 66 EE 29 
[10:00:15.648] F8 F8 B0 F0 08 00 00 00 00 34 00 14 02 07 0A 00 10 00 00 80 07 00 00 01 8C 06 39 8A 01 19 BC 88 13 A5 04 85 02 E8 03 19 03 00 00 00 00 00 00 00 00 00 00 06 00 00 00 06 00 00 E8 DA 90 D8 66 A1 F8 
[10:00:16.144] F8 F8 B0 F0 08 00 00 00 00 34 00 14 02 07 0A 00 11 00 00 80 07 00 00 01 8C 06 39 8A 01 19 BC 88 13 A5 04 85 02 E8 03 19 03 00 00 00 00 00 00 00 00 00 00 06 00 00 00 06 00 00 EC 0B 91 D8 66 C2 55 
[10:00:16.644] F8 F8 B0 F0 08 00 00 00 00 34 00 14 02 07 0A 00 11 00 00 80 07 00 00 01 8C 06 39 8A 01 19 BC 89 13 A5 04 85 02 E8 03 30 03 00 00 00 00 00 00 00 00 00 00 06 00 00 00 06 00 00 00 3E 91 D8 66 93 33 
[10:00:17.148] F8 F8 B0 F0 08 00 00 00 00 34 00 14 02 07 0A 00 12 00 00 80 07 00 00 01 8C 06 39 8A 01 19 BC 88 13 A5 04 85 02 E8 03 30 03 00 00 00 00 00 00 00 00 00 00 06 00 00 00 06 00 00 04 70 91 D8 66 12 69 
[10:00:17.646] F8 F8 B0 F0 08 00 00 00 00 34 00 14 02 07 0A 00 12 00 00 80 07 00 00 01 8C 06 39 8A 01 19 BC 88 13 A5 04 84 02 E8 03 1C 03 00 00 00 00 00 00 00 00 00 00 06 01 00 00 06 00 00 08 A1 91 D8 66 C0 34 
[10:00:18.147] F8 F8 B0 F0 08 00 00 00 00 34 00 14 02 07 0A 00 13 00 00 80 07 00 00 01 8C 06 39 8A 01 19 BC 87 13 A5 04 82 02 E8 03 1C 03 00 00 00 00 00 00 00 00 00 00 06 00 00 00 06 00 00 0C D3 91 D8 66 89 A8 
[10:00:18.648] F8 F8 B0 F0 08 00 00 00 00 34 00 14 02 07 0A 00 13 00 00 80 07 00 00 01 8C 06 39 8A 01 19 BC 87 13 A5 04 81 02 E8 03 24 03 00 00 00 00 00 00 00 00 00 00 06 00 00 00 06 00 00 10 06 92 D8 66 9E 6F 
[10:00:19.148] F8 F8 B0 F0 08 00 00 00 00 34 00 14 02 07 0A 00 14 00 00 80 07 00 00 01 8C 06 39 8A 01 19 BC 87 13 A5 04 81 02 E8 03 24 03 00 00 00 00 00 00 00 00 00 00 06 00 00 00 06 00 00 14 38 92 D8 66 C7 29 
[10:00:19.648] F8 F8 B0 F0 08 00 00 00 00 34 00 14 02 07 0A 00 14 00 00 80 07 00 00 01 8C 06 39 8A 01 19 BC 87 13 A5 04 81 02 E8 03 18 03 00 00 00 00 00 00 00 00 00 00 06 00 00 00 06 00 00 18 6A 92 D8 66 7F 8E 
[10:00:20.147] F8 F8 B0 F0 08 00 00 00 00 34 00 14 02 07 0A 00 15 00 00 80 07 00 00 01 8C 06 39 8A 01 19 BC 87 13 A5 04 81 02 E8 03 18 03 00 00 00 00 00 00 00 00 00 00 06 00 00 00 06 00 00 1C 9C 92 D8 66 4F 72 
[10:00:20.656] F8 F8 B0 F0 08 00 00 00 00 34 00 14 02 07 0A 00 15 00 00 80 07 00 00 01 8C 06 39 8A 01 19 BC 87 13 A5 04 82 02 E8 03 1C 03 00 00 00 00 00 00 00 00 00 00 06 00 00 00 06 00 00 20 CE 92 D8 66 69 DC 
[10:00:21.148] F8 F8 B0 F0 08 00 00 00 00 34 00 14 02 07 0A 00 15 00 00 80 07 00 00 01 8C 06 39 8A 01 19 BC 87 13 A4 04 82 02 E8 03 1C 03 00 00 00 00 00 00 00 00 00 00 06 01 00 00 06 00 00 24 00 93 D8 66 F7 A2 
[10:00:21.648] F8 F8 B0 F0 08 00 00 00 00 34 00 14 02 07 0A 00 16 00 00 80 07 00 00 01 8C 06 39 8A 01 19 BC 86 13 A5 04 81 02 E8 03 25 03 00 00 00 00 00 00 00 00 00 00 06 01 00 00 06 00 00 28 32 93 D8 66 70 CC 
[10:00:22.148] F8 F8 B0 F0 08 00 00 00 00 34 00 14 02 07 0A 00 16 00 00 80 07 00 00 01 8C 06 39 8A 01 19 BC 87 13 A5 04 81 02 E8 03 25 03 00 00 00 00 00 00 00 00 00 00 06 00 00 00 06 00 00 2C 64 93 D8 66 DB 96 
[10:00:22.665] F8 F8 B0 F0 08 00 00 00 00 34 00 14 02 07 0A 00 17 00 00 80 07 00 00 01 8C 06 39 8A 01 19 BC 87 13 A4 04 80 02 E8 03 1B 03 00 00 00 00 00 00 00 00 00 00 06 00 00 00 06 00 00 30 97 93 D8 66 94 27 
[10:00:23.166] F8 F8 B0 F0 08 00 00 00 00 34 00 14 02 07 0A 00 17 00 00 80 07 00 00 01 8C 06 39 8A 01 19 BC 87 13 A4 04 80 02 E8 03 1B 03 00 00 00 00 00 00 00 00 00 00 06 00 00 00 06 00 00 34 CA 93 D8 66 2F E2 
[10:00:23.665] F8 F8 B0 F0 08 00 00 00 00 34 00 14 02 07 0A 00 18 00 00 80 07 00 00 01 8C 06 39 8A 01 19 BC 87 13 A4 04 80 02 E8 03 24 03 00 00 00 00 00 00 00 00 00 00 06 00 00 00 06 00 00 38 FB 93 D8 66 A6 90 
[10:00:24.165] F8 F8 B0 F0 08 00 00 00 00 34 00 14 02 07 0A 00 18 00 00 80 07 00 00 01 8C 06 39 8A 01 19 BC 88 13 A4 04 81 02 E8 03 24 03 00 00 00 00 00 00 00 00 00 00 06 00 00 00 06 00 00 3C 2D 94 D8 66 BF 43 
[10:00:24.665] F8 F8 B0 F0 08 00 00 00 00 34 00 14 02 07 0A 00 19 00 00 80 07 00 00 01 8C 06 39 8A 01 19 BC 88 13 A4 04 82 02 E8 03 19 03 00 00 00 00 00 00 00 00 00 00 06 00 00 00 06 00 00 40 5F 94 D8 66 92 59 
[10:00:25.164] F8 F8 B0 F0 08 00 00 00 00 34 00 14 02 07 0A 00 19 00 00 80 07 00 00 01 8C 06 39 8A 01 19 BC 88 13 A4 04 82 02 E8 03 15 03 00 00 00 00 00 00 00 00 00 00 06 00 00 00 06 00 00 44 91 94 D8 66 5F B5 
[10:00:25.664] F8 F8 B0 F0 08 00 00 00 00 34 00 14 02 07 0A 00 1A 00 00 80 07 00 00 01 8C 06 39 8A 01 19 BC 88 13 A4 04 82 02 E8 03 15 03 00 00 00 00 00 00 00 00 00 00 06 00 00 00 06 00 00 48 C4 94 D8 66 0D B1 
[10:00:26.164] F8 F8 B0 F0 08 00 00 00 00 34 00 14 02 07 0A 00 1B 00 00 80 07 00 00 01 8C 06 39 8A 01 19 BC 88 13 A4 04 82 02 E8 03 1D 03 00 00 00 00 00 00 00 00 00 00 06 00 00 00 06 00 00 4C F5 94 D8 66 8D 07 
[10:00:26.665] F8 F8 B0 F0 08 00 00 00 00 34 00 14 02 07 0A 00 1B 00 00 80 07 00 00 01 8C 06 39 8A 01 19 BC 88 13 A4 04 82 02 E8 03 1D 03 00 00 00 00 00 00 00 00 00 00 06 00 00 00 06 00 00 50 27 95 D8 66 A7 FA 

[10:00:27.664] F8 F8 B0 F0 08 00 00 00 00 34 00 14 02 07 0A 00 1C 00 00 80 07 00 00 01 8C 06 39 8A 01 19 BC 88 13 A4 04 81 02 E8 03 2E 03 00 00 00 00 00 00 00 00 00 00 06 00 00 00 06 00 00 58 8B 95 D8 66 6E E8 
[10:00:28.164] F8 F8 B0 F0 08 00 00 00 00 34 00 14 02 07 0A 00 1D 00 00 80 07 00 00 01 8C 06 39 8A 01 19 BC 87 13 A4 04 83 02 E8 03 31 03 00 00 00 00 00 00 00 00 00 00 06 00 00 00 06 00 00 5C BD 95 D8 66 30 F7 
[10:00:28.664] F8 F8 B0 F0 08 00 00 00 00 34 00 14 02 07 0A 00 1D 00 00 80 07 00 00 01 8C 06 39 8A 01 19 BC 87 13 A4 04 83 02 E8 03 31 03 00 00 00 00 00 00 00 00 00 00 06 00 00 00 06 00 00 60 EF 95 D8 66 A6 E8 
[10:00:29.165] F8 F8 B0 F0 08 00 00 00 00 34 00 14 02 07 0A 00 1E 00 00 80 07 00 00 01 8C 06 39 8A 01 19 BC 87 13 A4 04 84 02 E8 03 0C 03 00 00 00 00 00 00 00 00 00 00 06 00 00 00 06 00 00 64 21 96 D8 66 26 13 
[10:00:29.665] F8 F8 B0 F0 08 00 00 00 00 34 00 14 02 07 0A 00 1E 00 00 80 07 00 00 01 8C 06 39 8A 01 19 BC 87 13 A4 04 83 02 E8 03 0C 03 00 00 00 00 00 00 00 00 00 00 06 00 00 00 06 00 00 68 53 96 D8 66 FC C8 
[10:00:30.166] F8 F8 B0 F0 08 00 00 00 00 34 00 14 02 07 0A 00 1F 00 00 80 07 00 00 01 8C 06 39 8A 01 19 BC 87 13 A5 04 83 02 E8 03 18 03 00 00 00 00 00 00 00 00 00 00 06 00 00 00 06 00 00 6C 85 96 D8 66 C2 96 
[10:00:30.666] F8 F8 B0 F0 08 00 00 00 00 34 00 14 02 07 0A 00 1F 00 00 80 07 00 00 01 8C 06 39 8A 01 19 BC 87 13 A4 04 83 02 E8 03 18 03 00 00 00 00 00 00 00 00 00 00 06 00 00 00 06 00 00 70 B7 96 D8 66 2D D1 
[10:00:31.166] F8 F8 B0 F0 08 00 00 00 00 34 00 14 02 07 0A 00 20 00 00 80 07 00 00 01 8C 06 39 8A 01 19 BC 87 13 A5 04 83 02 E8 03 2A 03 00 00 00 00 00 00 00 00 00 00 06 00 00 00 06 00 00 74 E9 96 D8 66 68 46 
[10:00:31.666] F8 F8 B0 F0 08 00 00 00 00 34 00 14 02 07 0A 00 20 00 00 80 07 00 00 01 8C 06 39 8A 01 19 BC 87 13 A5 04 82 02 E8 03 2A 03 00 00 00 00 00 00 00 00 00 00 06 01 00 00 06 00 00 78 1C 97 D8 66 A6 25 
[10:00:32.163] F8 F8 B0 F0 08 00 00 00 00 34 00 14 02 07 0A 00 20 00 00 80 07 00 00 01 8C 06 39 8A 01 19 BC 87 13 A5 04 82 02 E8 03 15 03 00 00 00 00 00 00 00 00 00 00 06 01 00 00 06 00 00 7C 4D 97 D8 66 EA 42 
[10:00:32.664] F8 F8 B0 F0 08 00 00 00 00 34 00 14 02 07 0A 00 21 00 00 80 07 00 00 01 8C 06 39 8A 01 19 BC 87 13 A5 04 82 02 E8 03 15 03 00 00 00 00 00 00 00 00 00 00 06 00 00 00 06 00 00 80 7F 97 D8 66 BD 22 
[10:00:33.167] F8 F8 B0 F0 08 00 00 00 00 34 00 14 02 07 0A 00 21 00 00 80 07 00 00 01 8C 06 39 8A 01 19 BC 87 13 A5 04 80 02 E8 03 28 03 00 00 00 00 00 00 00 00 00 00 06 00 00 00 06 00 00 84 B1 97 D8 66 AE 70 
[10:00:33.667] F8 F8 B0 F0 08 00 00 00 00 34 00 14 02 07 0A 00 22 00 00 80 07 00 00 01 8C 06 39 8A 01 19 BC 87 13 A5 04 80 02 E8 03 28 03 00 00 00 00 00 00 00 00 00 00 06 00 00 00 06 00 00 88 E3 97 D8 66 D1 25 
[10:00:34.185] F8 F8 B0 F0 08 00 00 00 00 34 00 14 02 07 0A 00 22 00 00 80 07 00 00 01 8C 06 39 8A 01 19 BC 87 13 A5 04 80 02 E8 03 18 03 00 00 00 00 00 00 00 00 00 00 06 00 00 00 06 00 00 8C 17 98 D8 66 AF 15 
[10:00:34.685] F8 F8 B0 F0 08 00 00 00 00 34 00 14 02 07 0A 00 23 00 00 80 07 00 00 01 8C 06 39 8A 01 19 BC 87 13 A5 04 7F 02 E8 03 18 03 00 00 00 00 00 00 00 00 00 00 06 01 00 00 06 00 00 90 49 98 D8 66 25 E4 
[10:00:35.185] F8 F8 B0 F0 08 00 00 00 00 34 00 14 02 07 0A 00 23 00 00 80 07 00 00 01 8C 06 39 8A 01 19 BC 87 13 A5 04 7E 02 E8 03 27 03 00 00 00 00 00 00 00 00 00 00 06 00 00 00 06 00 00 94 7B 98 D8 66 BA BD 
[10:00:35.684] F8 F8 B0 F0 08 00 00 00 00 34 00 14 02 07 0A 00 24 00 00 80 07 00 00 01 8C 06 39 8A 01 19 BC 87 13 A5 04 7D 02 E8 03 27 03 00 00 00 00 00 00 00 00 00 00 06 00 00 00 06 00 00 98 AD 98 D8 66 5B 95 
[10:00:36.185] F8 F8 B0 F0 08 00 00 00 00 34 00 14 02 07 0A 00 24 00 00 80 07 00 00 01 8C 06 39 8A 01 19 BC 87 13 A5 04 7E 02 E8 03 27 03 00 00 00 00 00 00 00 00 00 00 06 00 00 00 06 00 00 9C DF 98 D8 66 FC DE 
[10:00:36.684] F8 F8 B0 F0 08 00 00 00 00 34 00 14 02 07 0A 00 25 00 00 80 07 00 00 01 8C 06 39 8A 01 19 BC 87 13 A5 04 7D 02 E8 03 2F 03 00 00 00 00 00 00 00 00 00 00 06 00 00 00 06 00 00 A0 11 99 D8 66 90 77 
[10:00:37.207] F8 F8 B0 F0 08 00 00 00 00 34 00 14 02 07 0A 00 26 00 00 80 07 00 00 01 8C 06 39 8A 01 19 BC 87 13 A5 04 7C 02 E8 03 2F 03 00 00 00 00 00 00 00 00 00 00 06 00 00 00 06 00 00 A4 43 99 D8 66 56 04 
[10:00:37.687] F8 F8 B0 F0 08 00 00 00 00 34 00 14 02 07 0A 00 26 00 00 80 07 00 00 01 8C 06 39 8A 01 19 BC 87 13 A5 04 7D 02 E8 03 27 03 00 00 00 00 00 00 00 00 00 00 06 01 00 00 06 00 00 A8 75 99 D8 66 E9 D0 
[10:00:38.187] F8 F8 B0 F0 08 00 00 00 00 34 00 14 02 07 0A 00 27 00 00 80 07 00 00 01 8C 06 39 8A 01 19 BC 87 13 A5 04 7D 02 E8 03 27 03 00 00 00 00 00 00 00 00 00 00 06 00 00 00 06 00 00 AC A7 99 D8 66 2F 09 
[10:00:38.685] F8 F8 B0 F0 08 00 00 00 00 34 00 14 02 07 0A 00 27 00 00 80 07 00 00 01 8C 06 39 8A 01 19 BC 87 13 A5 04 7D 02 E8 03 25 03 00 00 00 00 00 00 00 00 00 00 06 00 00 00 06 00 00 B0 D9 99 D8 66 77 08 
[10:00:39.184] F8 F8 B0 F0 08 00 00 00 00 34 00 14 02 07 0A 00 28 00 00 80 07 00 00 01 8C 06 39 8A 01 19 BC 87 13 A5 04 7D 02 E8 03 25 03 00 00 00 00 00 00 00 00 00 00 06 00 00 00 06 00 00 B4 0B 9A D8 66 70 D3 
[10:00:39.687] F8 F8 B0 F0 08 00 00 00 00 34 00 14 02 07 0A 00 28 00 00 80 07 00 00 01 8C 06 39 8A 01 19 BC 87 13 A5 04 7E 02 E8 03 B1 03 00 00 00 00 00 00 00 00 00 00 06 00 00 00 06 00 00 B8 3D 9A D8 66 12 80 
[10:00:40.184] F8 F8 B0 F0 08 00 00 00 00 34 00 14 02 07 0A 00 29 00 00 80 07 00 00 01 8C 06 39 8A 01 19 BC 88 13 A5 04 7F 02 E8 03 B1 03 00 00 00 00 00 00 00 00 00 00 06 00 00 00 06 00 00 BC 6F 9A D8 66 B0 0C 
[10:00:40.684] F8 F8 B0 F0 08 00 00 00 00 34 00 14 02 07 0A 00 29 00 00 80 07 00 00 01 8C 06 39 8A 01 19 BC 88 13 A5 04 7F 02 E8 03 CB 06 00 00 00 00 00 00 00 00 00 00 06 01 00 00 06 00 00 C0 A1 9A D8 66 0B A5 
[10:00:41.184] F8 F8 B0 F0 08 00 00 00 00 34 00 14 02 07 0A 00 2A 00 00 80 07 00 00 01 8C 06 39 8A 01 19 BC 88 13 A5 04 80 02 E8 03 CB 06 00 00 00 00 00 00 00 00 00 00 06 00 00 00 06 00 00 C4 D3 9A D8 66 6F A1 
[10:00:41.686] F8 F8 B0 F0 08 00 00 00 00 34 00 14 02 07 0A 00 2A 00 00 80 07 00 00 01 8C 06 39 8A 01 19 BC 88 13 A5 04 80 02 E8 03 CF 05 00 00 00 00 00 00 00 00 00 00 06 01 00 00 06 00 00 C8 05 9B D8 66 B6 39 
[10:00:42.187] F8 F8 B0 F0 08 00 00 00 00 34 00 14 02 07 0A 00 2B 00 00 80 07 00 00 01 8C 06 39 8A 01 19 BC 88 13 A5 04 81 02 E8 03 CF 05 00 00 00 00 00 00 00 00 00 00 06 01 00 00 06 00 00 CC 37 9B D8 66 47 98 
[10:00:42.712] F8 F8 B0 F0 08 00 00 00 00 34 00 14 02 07 0A 00 2B 00 00 80 07 00 00 01 8C 06 39 8A 01 19 BC 88 13 A5 04 81 02 E8 03 D6 08 00 00 00 00 00 00 00 00 00 00 06 01 00 00 06 00 00 D0 6C 9B D8 66 46 5A 