h4 11h05
																16		8	9 10 11 12 13 14 15				31 32 33 34 35 36 37 38 39 40
[11:05:27.835] F8 F8 B0 F0 08 00 00 00 00 34 00 14 02 07 0B 05 1C 00 00 81 07 28 02 01 88 06 39 8A 01 19 BC 89 13 A5 04 64 02 E8 03 21 03 00 00 00 00 00 00 00 00 00 00 06 FE 00 00 06 00 00 54 C9 88 DE 66 54 90 
[11:05:28.334] F8 F8 B0 F0 08 00 00 00 00 34 00 14 02 07 0B 05 1D 00 00 81 07 28 02 01 88 06 39 8A 01 19 BC 8A 13 A5 04 63 02 E8 03 21 03 00 00 00 00 00 00 00 00 00 00 06 FE 00 00 06 00 00 58 FB 88 DE 66 3A 03 
[11:05:28.836] F8 F8 B0 F0 08 00 00 00 00 34 00 14 02 07 0B 05 1D 00 00 81 07 28 02 01 88 06 39 8A 01 19 BC 89 13 A4 04 63 02 E8 03 25 03 00 00 00 00 00 00 00 00 00 00 06 FE 00 00 06 00 00 5C 2D 89 DE 66 4F 0C 
[11:05:29.338] F8 F8 B0 F0 08 00 00 00 00 34 00 14 02 07 0B 05 1E 00 00 81 07 28 02 01 88 06 39 8A 01 19 BC 89 13 A4 04 63 02 E8 03 25 03 00 00 00 00 00 00 00 00 00 00 06 FF 00 00 06 00 00 60 5F 89 DE 66 D9 BA 
[11:05:29.837] F8 F8 B0 F0 08 00 00 00 00 34 00 14 02 07 0B 05 1E 00 00 81 07 28 02 01 88 06 39 8A 01 19 BC 89 13 A4 04 62 02 E8 03 1B 03 00 00 00 00 00 00 00 00 00 00 06 FE 00 00 06 00 00 64 91 89 DE 66 3A 04 
[11:05:30.338] F8 F8 B0 F0 08 00 00 00 00 34 00 14 02 07 0B 05 1F 00 00 81 07 28 02 01 88 06 39 8A 01 19 BC 89 13 A4 04 62 02 E8 03 1B 03 00 00 00 00 00 00 00 00 00 00 06 FE 00 00 06 00 00 68 C3 89 DE 66 A0 DA 
[11:05:30.837] F8 F8 B0 F0 08 00 00 00 00 34 00 14 02 07 0B 05 1F 00 00 81 07 28 02 01 88 06 39 8A 01 19 BC 89 13 A4 04 62 02 E8 03 1F 03 00 00 00 00 00 00 00 00 00 00 06 FF 00 00 06 00 00 6C F5 89 DE 66 93 5C 
[11:05:31.337] F8 F8 B0 F0 08 00 00 00 00 34 00 14 02 07 0B 05 20 00 00 81 07 28 02 01 88 06 39 8A 01 19 BC 89 13 A4 04 63 02 E8 03 1F 03 00 00 00 00 00 00 00 00 00 00 06 FE 00 00 06 00 00 70 27 8A DE 66 CA 5D 
[11:05:31.854] F8 F8 B0 F0 08 00 00 00 00 34 00 14 02 07 0B 05 21 00 00 81 07 28 02 01 88 06 39 8A 01 19 BC 8A 13 A4 04 63 02 E8 03 2F 03 00 00 00 00 00 00 00 00 00 00 06 FF 00 00 06 00 00 74 59 8A DE 66 77 0A 
[11:05:32.337] F8 F8 B0 F0 08 00 00 00 00 34 00 14 02 07 0B 05 21 00 00 81 07 28 02 01 88 06 39 8A 01 19 BC 8A 13 A4 04 62 02 E8 03 2F 03 00 00 00 00 00 00 00 00 00 00 06 FE 00 00 06 00 00 78 8B 8A DE 66 EA 38 
[11:05:32.837] F8 F8 B0 F0 08 00 00 00 00 34 00 14 02 07 0B 05 21 00 00 81 07 28 02 01 88 06 39 8A 01 19 BC 8A 13 A4 04 63 02 E8 03 15 03 00 00 00 00 00 00 00 00 00 00 06 FE 00 00 06 00 00 7C BD 8A DE 66 C2 98 
[11:05:33.336] F8 F8 B0 F0 08 00 00 00 00 34 00 14 02 07 0B 05 21 00 00 81 07 28 02 01 88 06 39 8A 01 19 BC 8A 13 A4 04 62 02 E8 03 15 03 00 00 00 00 00 00 00 00 00 00 06 FE 00 00 06 00 00 80 EF 8A DE 66 78 90 
[11:05:33.836] F8 F8 B0 F0 08 00 00 00 00 34 00 14 02 07 0B 05 22 00 00 81 07 28 02 01 88 06 39 8A 01 19 BC 8A 13 A4 04 62 02 E8 03 23 03 00 00 00 00 00 00 00 00 00 00 06 FF 00 00 06 00 00 84 21 8B DE 66 01 D3 
[11:05:34.335] F8 F8 B0 F0 08 00 00 00 00 34 00 14 02 07 0B 05 22 00 00 81 07 28 02 01 88 06 39 8A 01 19 BC 89 13 A4 04 62 02 E8 03 23 03 00 00 00 00 00 00 00 00 00 00 06 FF 00 00 06 00 00 88 52 8B DE 66 49 6A 
[11:05:34.834] F8 F8 B0 F0 08 00 00 00 00 34 00 14 02 07 0B 05 23 00 00 81 07 28 02 01 88 06 39 8A 01 19 BC 89 13 A4 04 63 02 E8 03 2C 03 00 00 00 00 00 00 00 00 00 00 06 FE 00 00 06 00 00 8C 84 8B DE 66 DA 70 
[11:05:35.334] F8 F8 B0 F0 08 00 00 00 00 34 00 14 02 07 0B 05 23 00 00 81 07 28 02 01 88 06 39 8A 01 19 BC 89 13 A4 04 63 02 E8 03 2C 03 00 00 00 00 00 00 00 00 00 00 06 FF 00 00 06 00 00 90 B6 8B DE 66 63 E6 
[11:05:35.833] F8 F8 B0 F0 08 00 00 00 00 34 00 14 02 07 0B 05 24 00 00 81 07 28 02 01 88 06 39 8A 01 19 BC 89 13 A4 04 63 02 E8 03 28 03 00 00 00 00 00 00 00 00 00 00 06 FE 00 00 06 00 00 94 E8 8B DE 66 AD FD 
[11:05:36.333] F8 F8 B0 F0 08 00 00 00 00 34 00 14 02 07 0B 05 24 00 00 81 07 28 02 01 88 06 39 8A 01 19 BC 89 13 A4 04 63 02 E8 03 18 03 00 00 00 00 00 00 00 00 00 00 06 FE 00 00 06 00 00 98 1B 8C DE 66 72 37 
[11:05:36.834] F8 F8 B0 F0 08 00 00 00 00 34 00 14 02 07 0B 05 25 00 00 81 07 28 02 01 88 06 39 8A 01 19 BC 89 13 A4 04 63 02 E8 03 18 03 00 00 00 00 00 00 00 00 00 00 06 FE 00 00 06 00 00 9C 4C 8C DE 66 80 57 
[11:05:37.335] F8 F8 B0 F0 08 00 00 00 00 34 00 14 02 07 0B 05 25 00 00 81 07 28 02 01 88 06 39 8A 01 19 BC 89 13 A4 04 63 02 E8 03 16 03 00 00 00 00 00 00 00 00 00 00 06 FF 00 00 06 00 00 A0 7E 8C DE 66 BE D3 
[11:05:37.834] F8 F8 B0 F0 08 00 00 00 00 34 00 14 02 07 0B 05 26 00 00 81 07 28 02 01 88 06 39 8A 01 19 BC 89 13 A4 04 63 02 E8 03 16 03 00 00 00 00 00 00 00 00 00 00 06 FF 00 00 06 00 00 A4 B0 8C DE 66 41 0D 
[11:05:38.334] F8 F8 B0 F0 08 00 00 00 00 34 00 14 02 07 0B 05 27 00 00 81 07 28 02 01 88 06 39 8A 01 19 BC 89 13 A4 04 63 02 E8 03 15 03 00 00 00 00 00 00 00 00 00 00 06 FE 00 00 06 00 00 A8 E2 8C DE 66 97 52 
[11:05:38.834] F8 F8 B0 F0 08 00 00 00 00 34 00 14 02 07 0B 05 27 00 00 81 07 28 02 01 88 06 39 8A 01 19 BC 89 13 A5 04 63 02 E8 03 15 03 00 00 00 00 00 00 00 00 00 00 06 FE 00 00 06 00 00 AC 14 8D DE 66 6A 5D 
[11:05:39.358] F8 F8 B0 F0 08 00 00 00 00 34 00 14 02 07 0B 05 28 00 00 81 07 28 02 01 88 06 39 8A 01 19 BC 89 13 A5 04 63 02 E8 03 00 04 00 00 00 00 00 00 00 00 00 00 06 FE 00 00 06 00 00 B0 48 8D DE 66 64 26 
[11:05:39.856] F8 F8 B0 F0 08 00 00 00 00 34 00 14 02 07 0B 05 28 00 00 81 07 28 02 01 88 06 39 8A 01 19 BC 89 13 A5 04 64 02 E8 03 00 04 00 00 00 00 00 00 00 00 00 00 06 FE 00 00 06 00 00 B4 7A 8D DE 66 0F 91 
[11:05:40.355] F8 F8 B0 F0 08 00 00 00 00 34 00 14 02 07 0B 05 29 00 00 81 07 28 02 01 88 06 39 8A 01 19 BC 89 13 A5 04 65 02 E8 03 F3 06 00 00 00 00 00 00 00 00 00 00 06 FF 00 00 06 00 00 B8 AD 8D DE 66 64 B2 
[11:05:40.857] F8 F8 B0 F0 08 00 00 00 00 34 00 14 02 07 0B 05 29 00 00 81 07 28 02 01 88 06 39 8A 01 19 BC 89 13 A5 04 65 02 E8 03 F3 06 00 00 00 00 00 00 00 00 00 00 06 FF 00 00 06 00 00 BC DE 8D DE 66 CB E2 
[11:05:41.357] F8 F8 B0 F0 08 00 00 00 00 34 00 14 02 07 0B 05 2A 00 00 81 07 28 02 01 88 06 39 8A 01 19 BC 89 13 A5 04 65 02 E8 03 4A 06 00 00 00 00 00 00 00 00 00 00 06 FF 00 00 06 00 00 C0 10 8E DE 66 DA 07 
[11:05:41.858] F8 F8 B0 F0 08 00 00 00 00 34 00 14 02 07 0B 05 2A 00 00 81 07 28 02 01 88 06 39 8A 01 19 BC 89 13 A5 04 66 02 E8 03 4A 06 00 00 00 00 00 00 00 00 00 00 06 FF 00 00 06 00 00 C4 42 8E DE 66 33 7B 
[11:05:42.358] F8 F8 B0 F0 08 00 00 00 00 34 00 14 02 07 0B 05 2B 00 00 81 07 28 02 01 88 06 39 8A 01 19 BC 89 13 A5 04 67 02 E8 03 1C 08 00 00 00 00 00 00 00 00 00 00 06 FF 00 00 06 00 00 C8 74 8E DE 66 0A A7 
[11:05:42.874] F8 F8 B0 F0 08 00 00 00 00 34 00 14 02 07 0B 05 2C 00 00 81 07 28 02 01 88 06 39 8A 01 19 BC 89 13 A5 04 68 02 E8 03 1C 08 00 00 00 00 00 00 00 00 00 00 06 FF 00 00 06 00 00 CC A6 8E DE 66 E6 E1 
[11:05:43.358] F8 F8 B0 F0 08 00 00 00 00 34 00 14 02 07 0B 05 2C 00 00 81 07 28 02 01 88 06 39 8A 01 19 BC 89 13 A5 04 68 02 E8 03 01 04 00 00 00 00 00 00 00 00 00 00 06 FE 00 00 06 00 00 D0 D8 8E DE 66 A2 C9 
[11:05:43.858] F8 F8 B0 F0 08 00 00 00 00 34 00 14 02 07 0B 05 2C 00 00 81 07 28 02 01 88 06 39 8A 01 19 BC 89 13 A5 04 69 02 E8 03 01 04 00 00 00 00 00 00 00 00 00 00 06 FF 00 00 06 00 00 D4 0A 8F DE 66 22 CE 
[11:05:44.358] F8 F8 B0 F0 08 00 00 00 00 34 00 14 02 07 0B 05 2C 00 00 81 07 28 02 01 88 06 39 8A 01 19 BC 8A 13 A5 04 69 02 E8 03 33 03 00 00 00 00 00 00 00 00 00 00 06 FF 00 00 06 00 00 D8 3D 8F DE 66 E4 56 
[11:05:44.855] F8 F8 B0 F0 08 00 00 00 00 34 00 14 02 07 0B 05 2D 00 00 81 07 28 02 01 88 06 39 8A 01 19 BC 8A 13 A5 04 6A 02 E8 03 33 03 00 00 00 00 00 00 00 00 00 00 06 FF 00 00 06 00 00 DC 6E 8F DE 66 5B 91 
[11:05:45.355] F8 F8 B0 F0 08 00 00 00 00 34 00 14 02 07 0B 05 2D 00 00 81 07 28 02 01 88 06 39 8A 01 19 BC 89 13 A5 04 6A 02 E8 03 2C 03 00 00 00 00 00 00 00 00 00 00 06 FF 00 00 06 00 00 E0 A0 8F DE 66 C9 81 
[11:05:45.855] F8 F8 B0 F0 08 00 00 00 00 34 00 14 02 07 0B 05 2E 00 00 81 07 28 02 01 88 06 39 8A 01 19 BC 89 13 A5 04 69 02 E8 03 2C 03 00 00 00 00 00 00 00 00 00 00 06 FE 00 00 06 00 00 E4 D2 8F DE 66 20 54 
[11:05:46.358] F8 F8 B0 F0 08 00 00 00 00 34 00 14 02 07 0B 05 2E 00 00 81 07 28 02 01 88 06 39 8A 01 19 BC 89 13 A5 04 68 02 E8 03 1C 03 00 00 00 00 00 00 00 00 00 00 06 FE 00 00 06 00 00 E8 04 90 DE 66 A2 DB 
[11:05:46.857] F8 F8 B0 F0 08 00 00 00 00 34 00 14 02 07 0B 05 2F 00 00 81 07 28 02 01 88 06 39 8A 01 19 BC 8A 13 A5 04 67 02 E8 03 1C 03 00 00 00 00 00 00 00 00 00 00 06 FF 00 00 06 00 00 EC 36 90 DE 66 29 A6 
[11:05:47.356] F8 F8 B0 F0 08 00 00 00 00 34 00 14 02 07 0B 05 2F 00 00 81 07 28 02 01 88 06 39 8A 01 19 BC 8A 13 A5 04 67 02 E8 03 2B 03 00 00 00 00 00 00 00 00 00 00 06 FE 00 00 06 00 00 00 68 90 DE 66 DA 5C 
[11:05:47.854] F8 F8 B0 F0 08 00 00 00 00 34 00 14 02 07 0B 05 30 00 00 81 07 28 02 01 88 06 39 8A 01 19 BC 8A 13 A5 04 66 02 E8 03 2B 03 00 00 00 00 00 00 00 00 00 00 06 FE 00 00 06 00 00 04 9A 90 DE 66 FB D2 
[11:05:48.354] F8 F8 B0 F0 08 00 00 00 00 34 00 14 02 07 0B 05 30 00 00 81 07 28 02 01 88 06 39 8A 01 19 BC 89 13 A5 04 65 02 E8 03 1C 03 00 00 00 00 00 00 00 00 00 00 06 FF 00 00 06 00 00 08 CC 90 DE 66 B1 10 
[11:05:48.858] F8 F8 B0 F0 08 00 00 00 00 34 00 14 02 07 0B 05 31 00 00 81 07 28 02 01 88 06 39 8A 01 19 BC 89 13 A5 04 66 02 E8 03 1C 03 00 00 00 00 00 00 00 00 00 00 06 FE 00 00 06 00 00 0C FE 90 DE 66 21 20 
[11:05:49.353] F8 F8 B0 F0 08 00 00 00 00 34 00 14 02 07 0B 05 32 00 00 81 07 28 02 01 88 06 39 8A 01 19 BC 89 13 A5 04 65 02 E8 03 1E 03 00 00 00 00 00 00 00 00 00 00 06 FE 00 00 06 00 00 10 30 91 DE 66 23 CC 
[11:05:49.854] F8 F8 B0 F0 08 00 00 00 00 34 00 14 02 07 0B 05 32 00 00 81 07 28 02 01 88 06 39 8A 01 19 BC 89 13 A4 04 65 02 E8 03 1E 03 00 00 00 00 00 00 00 00 00 00 06 FE 00 00 06 00 00 14 62 91 DE 66 69 D4 
[11:05:50.358] F8 F8 B0 F0 08 00 00 00 00 34 00 14 02 07 0B 05 33 00 00 81 07 28 02 01 88 06 39 8A 01 19 BC 89 13 A4 04 65 02 E8 03 16 03 00 00 00 00 00 00 00 00 00 00 06 FF 00 00 06 00 00 18 94 91 DE 66 04 5A 
[11:05:50.874] F8 F8 B0 F0 08 00 00 00 00 34 00 14 02 07 0B 05 33 00 00 81 07 28 02 01 88 06 39 8A 01 19 BC 89 13 A5 04 65 02 E8 03 16 03 00 00 00 00 00 00 00 00 00 00 06 FF 00 00 06 00 00 1C C8 91 DE 66 14 E0 
[11:05:51.373] F8 F8 B0 F0 08 00 00 00 00 34 00 14 02 07 0B 05 34 00 00 81 07 28 02 01 88 06 39 8A 01 19 BC 89 13 A5 04 64 02 E8 03 20 03 00 00 00 00 00 00 00 00 00 00 06 FE 00 00 06 00 00 20 FA 91 DE 66 9E 69 
[11:05:51.874] F8 F8 B0 F0 08 00 00 00 00 34 00 14 02 07 0B 05 34 00 00 81 07 28 02 01 88 06 39 8A 01 19 BC 89 13 A5 04 64 02 E8 03 20 03 00 00 00 00 00 00 00 00 00 00 06 FF 00 00 06 00 00 24 2C 92 DE 66 1B EE 
[11:05:52.378] F8 F8 B0 F0 08 00 00 00 00 34 00 14 02 07 0B 05 35 00 00 81 07 28 02 01 88 06 39 8A 01 19 BC 89 13 A5 04 64 02 E8 03 29 03 00 00 00 00 00 00 00 00 00 00 06 FE 00 00 06 00 00 28 5E 92 DE 66 BC 40 
[11:05:52.876] F8 F8 B0 F0 08 00 00 00 00 34 00 14 02 07 0B 05 35 00 00 81 07 28 02 01 88 06 39 8A 01 19 BC 89 13 A5 04 65 02 E8 03 29 03 00 00 00 00 00 00 00 00 00 00 06 FE 00 00 06 00 00 2C 90 92 DE 66 D0 FC 
[11:05:53.376] F8 F8 B0 F0 08 00 00 00 00 34 00 14 02 07 0B 05 36 00 00 81 07 28 02 01 88 06 39 8A 01 19 BC 89 13 A5 04 65 02 E8 03 21 03 00 00 00 00 00 00 00 00 00 00 06 FE 00 00 06 00 00 30 C2 92 DE 66 CC 05 
[11:05:53.874] F8 F8 B0 F0 08 00 00 00 00 34 00 14 02 07 0B 05 36 00 00 81 07 28 02 01 88 06 39 8A 01 19 BC 88 13 A5 04 65 02 E8 03 21 03 00 00 00 00 00 00 00 00 00 00 06 FE 00 00 06 00 00 34 F4 92 DE 66 FC DE 
[11:05:54.374] F8 F8 B0 F0 08 00 00 00 00 34 00 14 02 07 0B 05 37 00 00 81 07 28 02 01 88 06 39 8A 01 19 BC 89 13 A5 04 65 02 E8 03 21 03 00 00 00 00 00 00 00 00 00 00 