bat dau bat bypass all => 
																16		8	9 10 11 12 13 14 15				31 32 33 34 35 36 37 38 39 40
[13:28:37.617] F8 F8 B0 F0 08 00 00 00 00 34 00 14 02 07 0D 1C 26 00 00 80 07 24 00 01 9C 06 39 8A 01 19 BC 87 13 A5 04 6A 02 E8 03 26 03 00 00 00 00 00 00 00 00 00 00 06 FF 00 00 06 00 00 7E 0F 11 D5 66 45 FD 
[13:28:38.113] F8 F8 B0 F0 08 00 00 00 00 34 00 14 02 07 0D 1C 26 00 00 80 07 24 00 01 9C 06 39 8A 01 19 BC 87 13 A5 04 69 02 E8 03 21 03 00 00 00 00 00 00 00 00 00 00 06 FF 00 00 06 00 00 82 40 11 D5 66 FF 1B 
[13:28:38.612] F8 F8 B0 F0 08 00 00 00 00 34 00 14 02 07 0D 1C 26 00 00 80 07 24 00 01 9C 06 39 8A 01 19 BC 87 13 A5 04 68 02 E8 03 21 03 00 00 00 00 00 00 00 00 00 00 06 FF 00 00 06 00 00 86 72 11 D5 66 EC 77 
[13:28:39.112] F8 F8 B0 F0 08 00 00 00 00 34 00 14 02 07 0D 1C 27 00 00 80 07 24 00 01 9C 06 39 8A 01 19 BC 87 13 A5 04 68 02 E8 03 24 03 00 00 00 00 00 00 00 00 00 00 06 FF 00 00 06 00 00 8A A5 11 D5 66 04 23 
[13:28:39.632] F8 F8 B0 F0 08 00 00 00 00 34 00 14 02 07 0D 1C 27 00 00 80 07 24 00 01 9C 06 39 8A 01 19 BC 87 13 A5 04 68 02 E8 03 24 03 00 00 00 00 00 00 00 00 00 00 06 FF 00 00 06 00 00 8E D8 11 D5 66 F1 D1 
[13:28:40.135] F8 F8 B0 F0 08 00 00 00 00 34 00 14 02 07 0D 1C 28 00 00 80 07 24 00 01 9C 06 39 8A 01 19 BC 87 13 A4 04 68 02 E8 03 1D 03 00 00 00 00 00 00 00 00 00 00 06 FF 00 00 06 00 00 92 0B 12 D5 66 E5 2C 
[13:28:40.634] F8 F8 B0 F0 08 00 00 00 00 34 00 14 02 07 0D 1C 28 00 00 80 07 24 00 01 9C 06 39 8A 01 19 BC 87 13 A4 04 68 02 E8 03 1D 03 00 00 00 00 00 00 00 00 00 00 06 FF 00 00 06 00 00 96 3C 12 D5 66 27 D8 
[13:28:41.132] F8 F8 B0 F0 08 00 00 00 00 34 00 14 02 07 0D 1C 29 00 00 80 07 24 00 01 9C 06 39 8A 01 19 BC 87 13 A5 04 68 02 E8 03 17 03 00 00 00 00 00 00 00 00 00 00 06 FF 00 00 06 00 00 9A 6E 12 D5 66 9D C9 
[13:28:41.632] F8 F8 B0 F0 08 00 00 00 00 34 00 14 02 07 0D 1C 2A 00 00 80 07 24 00 01 9C 06 39 8A 01 19 BC 87 13 A5 04 68 02 E8 03 17 03 00 00 00 00 00 00 00 00 00 00 06 FF 00 00 06 00 00 9E A0 12 D5 66 62 17 
[13:28:42.132] F8 F8 B0 F0 08 00 00 00 00 34 00 14 02 07 0D 1C 2A 00 00 80 07 24 00 01 9C 06 39 8A 01 19 BC 87 13 A5 04 67 02 E8 03 1E 03 00 00 00 00 00 00 00 00 00 00 06 FF 00 00 06 00 00 A2 D2 12 D5 66 ED 6B 
[13:28:42.633] F8 F8 B0 F0 08 00 00 00 00 34 00 14 02 07 0D 1C 2B 00 00 80 07 24 00 01 9C 06 39 8A 01 19 BC 87 13 A5 04 68 02 E8 03 1E 03 00 00 00 00 00 00 00 00 00 00 06 FF 00 00 06 00 00 A6 04 13 D5 66 CE 5C 
[13:28:43.134] F8 F8 B0 F0 08 00 00 00 00 34 00 14 02 07 0D 1C 2B 00 00 80 07 24 00 01 9C 06 39 8A 01 19 BC 87 13 A5 04 68 02 E8 03 22 03 00 00 00 00 00 00 00 00 00 00 06 FF 00 00 06 00 00 AA 36 13 D5 66 A4 A2 
[13:28:43.634] F8 F8 B0 F0 08 00 00 00 00 34 00 14 02 07 0D 1C 2C 00 00 80 07 24 00 01 9C 06 39 8A 01 19 BC 87 13 A5 04 68 02 E8 03 22 03 00 00 00 00 00 00 00 00 00 00 06 FF 00 00 06 00 00 AE 69 13 D5 66 9B CB 
[13:28:44.136] F8 F8 B0 F0 08 00 00 00 00 34 00 14 02 07 0D 1C 2C 00 00 80 07 24 00 01 9C 06 39 8A 01 19 BC 87 13 A5 04 68 02 E8 03 22 03 00 00 00 00 00 00 00 00 00 00 06 FF 00 00 06 00 00 B2 9B 13 D5 66 CF 36 
[13:28:44.634] F8 F8 B0 F0 08 00 00 00 00 34 00 14 02 07 0D 1C 2D 00 00 80 07 24 00 01 9C 06 39 8A 01 19 BC 87 13 A5 04 69 02 E8 03 22 03 00 00 00 00 00 00 00 00 00 00 06 FF 00 00 06 00 00 B6 CC 13 D5 66 A9 72 
[13:28:45.134] F8 F8 B0 F0 08 00 00 00 00 34 00 14 02 07 0D 1C 2D 00 00 80 07 24 00 01 9C 06 39 8A 01 19 BC 86 13 A4 04 69 02 E8 03 22 03 00 00 00 00 00 00 00 00 00 00 06 FF 00 00 06 00 00 BA FF 13 D5 66 EE 1E 
[13:28:45.633] F8 F8 B0 F0 08 00 00 00 00 34 00 14 02 07 0D 1C 2E 00 00 80 07 24 00 01 9C 06 39 8A 01 19 BC 86 13 A4 04 6A 02 E8 03 1E 03 00 00 00 00 00 00 00 00 00 00 06 FF 00 00 06 00 00 BE 30 14 D5 66 49 EA 
[13:28:46.133] F8 F8 B0 F0 08 00 00 00 00 34 00 14 02 07 0D 1C 2E 00 00 80 07 24 00 01 9C 06 39 8A 01 19 BC 87 13 A4 04 6B 02 E8 03 1E 03 00 00 00 00 00 00 00 00 00 00 06 FF 00 00 06 00 00 C2 62 14 D5 66 65 99 
[13:28:46.632] F8 F8 B0 F0 08 00 00 00 00 34 00 14 02 07 0D 1C 2F 00 00 80 07 24 00 01 9C 06 39 8A 01 19 BC 87 13 A4 04 6A 02 E8 03 27 03 00 00 00 00 00 00 00 00 00 00 06 FF 00 00 06 00 00 C6 94 14 D5 66 0E 1E 
[13:28:47.158] F8 F8 B0 F0 08 00 00 00 00 34 00 14 02 07 0D 1C 30 00 00 80 07 24 00 01 9C 06 39 8A 01 19 BC 87 13 A4 04 6A 02 E8 03 16 03 00 00 00 00 00 00 00 00 00 00 06 FF 00 00 06 00 00 CA C9 14 D5 66 F8 7F 

[13:28:48.136] F8 F8 B0 F0 08 00 00 00 00 34 00 14 02 07 0D 1C 31 00 00 80 07 24 00 01 9C 06 39 8A 01 19 BC 87 13 A4 04 6B 02 E8 03 1D 03 00 00 00 00 00 00 00 00 00 00 06 FF 00 00 06 00 00 D2 2B 15 D5 66 77 3F 
[13:28:48.634] F8 F8 B0 F0 08 00 00 00 00 34 00 14 02 07 0D 1C 31 00 00 80 07 24 00 01 9C 06 39 8A 01 19 BC 87 13 A4 04 6B 02 E8 03 1D 03 00 00 00 00 00 00 00 00 00 00 06 FF 00 00 06 00 00 D6 5C 15 D5 66 29 A5 
[13:28:49.132] F8 F8 B0 F0 08 00 00 00 00 34 00 14 02 07 0D 1C 31 00 00 80 07 24 00 01 9C 06 39 8A 01 19 BC 87 13 A4 04 6B 02 E8 03 31 03 00 00 00 00 00 00 00 00 00 00 06 FF 00 00 06 00 00 DA 8E 15 D5 66 FA 9F 
[13:28:49.632] F8 F8 B0 F0 08 00 00 00 00 34 00 14 02 07 0D 1C 31 00 00 80 07 24 00 01 9C 06 39 8A 01 19 BC 87 13 A4 04 6B 02 E8 03 31 03 00 00 00 00 00 00 00 00 00 00 06 FF 00 00 06 00 00 DE C1 15 D5 66 8E AC 
[13:28:50.132] F8 F8 B0 F0 08 00 00 00 00 34 00 14 02 07 0D 1C 32 00 00 80 07 24 00 01 9C 06 39 8A 01 19 BC 87 13 A4 04 6B 02 E8 03 26 03 00 00 00 00 00 00 00 00 00 00 06 FF 00 00 06 00 00 E2 F2 15 D5 66 23 1F 
[13:28:50.632] F8 F8 B0 F0 08 00 00 00 00 34 00 14 02 07 0D 1C 32 00 00 80 07 24 00 01 9C 06 39 8A 01 19 BC 87 13 A4 04 6B 02 E8 03 26 03 00 00 00 00 00 00 00 00 00 00 06 FF 00 00 06 00 00 E6 24 16 D5 66 EF 40 
[13:28:51.156] F8 F8 B0 F0 08 00 00 00 00 34 00 14 02 07 0D 1C 33 00 00 80 07 24 00 01 9C 06 39 8A 01 19 BC 87 13 A4 04 6B 02 E8 03 20 03 00 00 00 00 00 00 00 00 00 00 06 FF 00 00 06 00 00 EA 59 16 D5 66 DF CF 
[13:28:51.655] F8 F8 B0 F0 08 00 00 00 00 34 00 14 02 07 0D 1C 33 00 00 80 07 24 00 01 9C 06 39 8A 01 19 BC 87 13 A4 04 6A 02 E8 03 20 03 00 00 00 00 00 00 00 00 00 00 06 FF 00 00 06 00 00 EE 8A 16 D5 66 92 51 
[13:28:52.156] F8 F8 B0 F0 08 00 00 00 00 34 00 14 02 07 0D 1C 34 00 00 80 07 24 00 01 9C 06 39 8A 01 19 BC 87 13 A4 04 69 02 E8 03 15 03 00 00 00 00 00 00 00 00 00 00 06 FF 00 00 06 00 00 02 BD 16 D5 66 DB 9B 
[13:28:52.658] F8 F8 B0 F0 08 00 00 00 00 34 00 14 02 07 0D 1C 35 00 00 80 07 24 00 01 9C 06 39 8A 01 19 BC 87 13 A4 04 69 02 E8 03 15 03 00 00 00 00 00 00 00 00 00 00 06 FF 00 00 06 00 00 06 EE 16 D5 66 D8 31 
[13:28:53.156] F8 F8 B0 F0 08 00 00 00 00 34 00 14 02 07 0D 1C 35 00 00 80 07 24 00 01 9C 06 39 8A 01 19 BC 87 13 A4 04 68 02 E8 03 1B 03 00 00 00 00 00 00 00 00 00 00 06 FF 00 00 06 00 00 0A 20 17 D5 66 9A A2 
[13:28:53.656] F8 F8 B0 F0 08 00 00 00 00 34 00 14 02 07 0D 1C 36 00 00 80 07 24 00 01 9C 06 39 8A 01 19 BC 87 13 A4 04 68 02 E8 03 1B 03 00 00 00 00 00 00 00 00 00 00 06 FF 00 00 06 00 00 0E 52 17 D5 66 86 C2 
[13:28:54.153] F8 F8 B0 F0 08 00 00 00 00 34 00 14 02 07 0D 1C 36 00 00 80 07 24 00 01 9C 06 39 8A 01 19 BC 87 13 A4 04 69 02 E8 03 1E 03 00 00 00 00 00 00 00 00 00 00 06 FF 00 00 06 00 00 12 84 17 D5 66 F6 0D 
[13:28:54.652] F8 F8 B0 F0 08 00 00 00 00 34 00 14 02 07 0D 1C 37 00 00 80 07 24 00 01 9C 06 39 8A 01 19 BC 87 13 A4 04 69 02 E8 03 1E 03 00 00 00 00 00 00 00 00 00 00 06 FF 00 00 06 00 00 16 B6 17 D5 66 93 88 
[13:28:55.153] F8 F8 B0 F0 08 00 00 00 00 34 00 14 02 07 0D 1C 37 00 00 80 07 24 00 01 9C 06 39 8A 01 19 BC 87 13 A4 04 68 02 E8 03 23 03 00 00 00 00 00 00 00 00 00 00 06 FF 00 00 06 00 00 1A E8 17 D5 66 8E 73 
[13:28:55.655] F8 F8 B0 F0 08 00 00 00 00 34 00 14 02 07 0D 1C 38 00 00 80 07 24 00 01 9C 06 39 8A 01 19 BC 87 13 A4 04 68 02 E8 03 23 03 00 00 00 00 00 00 00 00 00 00 06 FF 00 00 06 00 00 1E 1A 18 D5 66 A6 EA 
[13:28:56.153] F8 F8 B0 F0 08 00 00 00 00 34 00 14 02 07 0D 1C 38 00 00 80 07 24 00 01 9C 06 39 8A 01 19 BC 87 13 A4 04 69 02 E8 03 2F 03 00 00 00 00 00 00 00 00 00 00 06 FF 00 00 06 00 00 22 4C 18 D5 66 60 6F 
[13:28:56.654] F8 F8 B0 F0 08 00 00 00 00 34 00 14 02 07 0D 1C 39 00 00 80 07 24 00 01 9C 06 39 8A 01 19 BC 87 13 A4 04 69 02 E8 03 2F 03 00 00 00 00 00 00 00 00 00 00 06 FF 00 00 06 00 00 26 7E 18 D5 66 05 EA 
[13:28:57.152] F8 F8 B0 F0 08 00 00 00 00 34 00 14 02 07 0D 1C 39 00 00 80 07 24 00 01 9C 06 39 8A 01 19 BC 87 13 A5 04 69 02 E8 03 23 03 00 00 00 00 00 00 00 00 00 00 06 FF 00 00 06 00 00 2A B0 18 D5 66 FA 0D 
[13:28:57.652] F8 F8 B0 F0 08 00 00 00 00 34 00 14 02 07 0D 1C 3A 00 00 80 07 24 00 01 9C 06 39 8A 01 19 BC 87 13 A5 04 69 02 E8 03 23 03 00 00 00 00 00 00 00 00 00 00 06 FF 00 00 06 00 00 2E E2 18 D5 66 A8 5A 
[13:28:58.154] F8 F8 B0 F0 08 00 00 00 00 34 00 14 02 07 0D 1C 3B 00 00 80 07 24 00 01 9C 06 39 8A 01 19 BC 87 13 A4 04 6A 02 E8 03 21 03 00 00 00 00 00 00 00 00 00 00 06 FF 00 00 06 00 00 32 14 19 D5 66 7A 9D 
[13:28:58.653] F8 F8 B0 F0 08 00 00 00 00 34 00 14 02 07 0D 1C 3B 00 00 80 07 24 00 01 9C 06 39 8A 01 19 BC 87 13 A5 04 6B 02 E8 03 21 03 00 00 00 00 00 00 00 00 00 00 06 FF 00 00 06 00 00 36 46 19 D5 66 A4 A1 
[13:28:59.153] F8 F8 B0 F0 08 00 00 00 00 34 00 14 02 07 0D 1D 00 00 00 80 07 24 00 01 9C 06 39 8A 01 19 BC 87 13 A5 04 6B 02 E8 03 21 03 00 00 00 00 00 00 00 00 00 00 06 FF 00 00 06 00 00 3A 78 19 D5 66 F8 27 
[13:28:59.653] F8 F8 B0 F0 08 00 00 00 00 34 00 14 02 07 0D 1D 00 00 00 80 07 24 00 01 9C 06 39 8A 01 19 BC 87 13 A5 04 6C 02 E8 03 21 03 00 00 00 00 00 00 00 00 00 00 06 FF 00 00 06 00 00 3E AA 19 D5 66 79 14 
[13:29:00.152] F8 F8 B0 F0 08 00 00 00 00 34 00 14 02 07 0D 1D 00 00 00 80 07 24 00 01 9C 06 39 8A 01 19 BC 87 13 A5 04 6C 02 E8 03 2F 03 00 00 00 00 00 00 00 00 00 00 06 FF 00 00 06 00 00 42 DC 19 D5 66 0B FD 
[13:29:00.655] F8 F8 B0 F0 08 00 00 00 00 34 00 14 02 07 0D 1D 00 00 00 80 07 24 00 01 9C 06 39 8A 01 19 BC 87 13 A5 04 6C 02 E8 03 2F 03 00 00 00 00 00 00 00 00 00 00 06 FF 00 00 06 00 00 46 0E 1A D5 66 36 68 
[13:29:01.156] F8 F8 B0 F0 08 00 00 00 00 34 00 14 02 07 0D 1D 01 00 00 80 07 24 00 01 9C 06 39 8A 01 19 BC 87 13 A5 04 6C 02 E8 03 11 03 00 00 00 00 00 00 00 00 00 00 06 FF 00 00 06 00 00 4A 40 1A D5 66 FF 38 
[13:29:01.656] F8 F8 B0 F0 08 00 00 00 00 34 00 14 02 07 0D 1D 01 00 00 80 07 24 00 01 9C 06 39 8A 01 19 BC 87 13 A5 04 6D 02 E8 03 11 03 00 00 00 00 00 00 00 00 00 00 06 FF 00 00 06 00 00 4E 72 1A D5 66 EC 54 
[13:29:02.154] F8 F8 B0 F0 08 00 00 00 00 34 00 14 02 07 0D 1D 02 00 00 80 07 24 00 01 9C 06 39 8A 01 19 BC 87 13 A5 04 6C 02 E8 03 2E 03 00 00 00 00 00 00 00 00 00 00 06 FF 00 00 06 00 00 52 A4 1A D5 66 51 DB 
[13:29:02.670] F8 F8 B0 F0 08 00 00 00 00 34 00 14 02 07 0D 1D 02 00 00 80 07 24 00 01 9C 06 39 8A 01 19 BC 87 13 A5 04 6B 02 E8 03 2E 03 00 00 00 00 00 00 00 00 00 00 06 FF 00 00 06 00 00 56 D8 1A D5 66 FC A0 
[13:29:03.173] F8 F8 B0 F0 08 00 00 00 00 34 00 14 02 07 0D 1D 03 00 00 80 07 24 00 01 9C 06 39 8A 01 19 BC 87 13 A5 04 6C 02 E8 03 0D 03 00 00 00 00 00 00 00 00 00 00 06 FF 00 00 06 00 00 5A 0A 1B D5 66 21 B2 
[13:29:03.671] F8 F8 B0 F0 08 00 00 00 00 34 00 14 02 07 0D 1D 04 00 00 80 07 24 00 01 9C 06 39 8A 01 19 BC 87 13 A5 04 6B 02 E8 03 0D 03 00 00 00 00 00 00 00 00 00 00 06 FF 00 00 06 00 00 5E 3B 1B D5 66 7A DF 
[13:29:04.172] F8 F8 B0 F0 08 00 00 00 00 34 00 14 02 07 0D 1D 04 00 00 81 07 24 00 01 9C 06 39 8A 01 19 BC 87 13 A4 04 6B 02 E8 03 1D 03 00 00 00 00 00 00 00 00 00 00 06 FF 00 00 06 00 00 62 6E 1B D5 66 61 9F 
[13:29:04.676] F8 F8 B0 F0 08 00 00 00 00 34 00 14 02 07 0D 1D 05 00 00 81 07 24 00 01 9C 06 39 8A 01 19 BC 87 13 A4 04 6C 02 E8 03 1D 03 00 00 00 00 00 00 00 00 00 00 06 FF 00 00 06 00 00 66 A0 1B D5 66 97 35 
[13:29:05.176] F8 F8 B0 F0 08 00 00 00 00 34 00 14 02 07 0D 1D 05 00 00 81 07 24 00 01 9C 06 39 8A 01 19 BC 87 13 A4 04 6C 02 E8 03 13 03 00 00 00 00 00 00 00 00 00 00 06 FF 00 00 06 00 00 6A D2 1B D5 66 92 0B 
[13:29:05.673] F8 F8 B0 F0 08 00 00 00 00 34 00 14 02 07 0D 1D 06 00 00 81 07 24 00 01 9C 06 39 8A 01 19 BC 87 13 A4 04 6C 02 E8 03 13 03 00 00 00 00 00 00 00 00 00 00 06 FF 00 00 06 00 00 6E 04 1C D5 66 99 CE 
[13:29:06.173] F8 F8 B0 F0 08 00 00 00 00 34 00 14 02 07 0D 1D 06 00 00 81 07 24 00 01 9C 06 39 8A 01 19 BC 87 13 A4 04 6C 02 E8 03 36 03 00 00 00 00 00 00 00 00 00 00 06 FF 00 00 06 00 00 72 36 1C D5 66 C0 EB 
[13:29:06.673] F8 F8 B0 F0 08 00 00 00 00 34 00 14 02 07 0D 1D 07 00 00 81 07 24 00 01 9C 06 39 8A 01 19 BC 87 13 A4 04 6D 02 E8 03 36 03 00 00 00 00 00 00 00 00 00 00 06 FF 00 00 06 00 00 76 68 1C D5 66 D1 5C 
[13:29:07.176] F8 F8 B0 F0 08 00 00 00 00 34 00 14 02 07 0D 1D 07 00 00 81 07 24 00 01 9C 06 39 8A 01 19 BC 87 13 A4 04 6D 02 E8 03 21 03 00 00 00 00 00 00 00 00 00 00 06 FF 00 00 06 00 00 7A 9A 1C D5 66 85 60 
[13:29:07.676] F8 F8 B0 F0 08 00 00 00 00 34 00 14 02 07 0D 1D 08 00 00 81 07 24 00 01 9C 06 39 8A 01 19 BC 87 13 A4 04 6D 02 E8 03 21 03 00 00 00 00 00 00 00 00 00 00 06 FF 00 00 06 00 00 7E CC 1C D5 66 1B F5 
[13:29:08.174] F8 F8 B0 F0 08 00 00 00 00 34 00 14 02 07 0D 1D 08 00 00 81 07 24 00 01 9C 06 39 8A 01 19 BC 87 13 A4 04 6C 02 E8 03 32 03 00 00 00 00 00 00 00 00 00 00 06 FF 00 00 06 00 00 82 FE 1C D5 66 25 BD 
[13:29:08.673] F8 F8 B0 F0 08 00 00 00 00 34 00 14 02 07 0D 1D 09 00 00 81 07 24 00 01 9C 06 39 8A 01 19 BC 87 13 A4 04 6C 02 E8 03 32 03 00 00 00 00 00 00 00 00 00 00 06 FF 00 00 06 00 00 86 2F 1D D5 66 46 10 
[13:29:09.174] F8 F8 B0 F0 08 00 00 00 00 34 00 14 02 07 0D 1D 0A 00 00 81 07 24 00 01 9C 06 39 8A 01 19 BC 87 13 A4 04 6C 02 E8 03 32 03 00 00 00 00 00 00 00 00 00 00 06 FF 00 00 06 00 00 8A 62 1D D5 66 70 8A 
[13:29:09.676] F8 F8 B0 F0 08 00 00 00 00 34 00 14 02 07 0D 1D 0A 00 00 81 07 24 00 01 9C 06 39 8A 01 19 BC 87 13 A4 04 6C 02 E8 03 14 03 00 00 00 00 00 00 00 00 00 00 06 FF 00 00 06 00 00 8E 94 1D D5 66 0E 89 
[13:29:10.173] F8 F8 B0 F0 08 00 00 00 00 34 00 14 02 07 0D 1D 0B 00 00 81 07 24 00 01 9C 06 39 8A 01 19 BC 87 13 A4 04 6C 02 E8 03 14 03 00 00 00 00 00 00 00 00 00 00 06 FF 00 00 06 00 00 92 C5 1D D5 66 12 C8 
[13:29:10.673] F8 F8 B0 F0 08 00 00 00 00 34 00 14 02 07 0D 1D 0B 00 00 81 07 24 0C 01 9C 06 39 8A 01 19 BC 87 13 A5 04 6D 02 E8 03 17 03 00 00 00 00 00 00 00 00 00 00 06 FF 00 00 06 00 00 96 F7 1D D5 66 7C A0 
[13:29:11.173] F8 F8 B0 F0 08 00 00 00 00 34 00 14 02 07 0D 1D 0B 00 00 81 07 24 03 01 9C 06 39 8A 01 19 BC 87 13 A5 04 6C 02 E8 03 17 03 00 00 00 00 00 00 00 00 00 00 06 FF 00 00 06 00 00 9A 29 1E D5 66 AC D1 
[13:29:11.673] F8 F8 B0 F0 08 00 00 00 00 34 00 14 02 07 0D 1D 0B 00 00 81 07 24 03 01 9C 06 39 8A 01 19 BC 87 13 A4 04 6C 02 E8 03 22 03 00 00 00 00 00 00 00 00 00 00 06 FF 00 00 06 00 00 9E 5B 1E D5 66 52 D5 
[13:29:12.172] F8 F8 B0 F0 08 00 00 00 00 34 00 14 02 07 0D 1D 0C 00 00 81 07 24 03 01 9C 06 39 8A 01 19 BC 87 13 A4 04 6C 02 E8 03 22 03 00 00 00 00 00 00 00 00 00 00 06 FF 00 00 06 00 00 A2 8D 1E D5 66 E1 9C 
[13:29:12.672] F8 F8 B0 F0 08 00 00 00 00 34 00 14 02 07 0D 1D 0C 00 00 81 07 24 03 01 9C 06 39 8A 01 19 BC 87 13 A4 04 6D 02 E8 03 15 03 00 00 00 00 00 00 00 00 00 00 06 FF 00 00 06 00 00 A6 C0 1E D5 66 95 23 
[13:29:13.176] F8 F8 B0 F0 08 00 00 00 00 34 00 14 02 07 0D 1D 0D 00 00 81 07 24 03 01 9C 06 39 8A 01 19 BC 87 13 A4 04 6B 02 E8 03 1D 03 00 00 00 00 00 00 00 00 00 00 06 FF 00 00 06 00 00 AA F1 1E D5 66 40 4C 
[13:29:13.673] F8 F8 B0 F0 08 00 00 00 00 34 00 14 02 07 0D 1D 0D 00 00 81 07 24 03 01 9C 06 39 8A 01 19 BC 87 13 A4 04 6C 02 E8 03 1D 03 00 00 00 00 00 00 00 00 00 00 06 FF 00 00 06 00 00 AE 23 1F D5 66 F1 48 
[13:29:14.189] F8 F8 B0 F0 08 00 00 00 00 34 00 14 02 07 0D 1D 0E 00 00 81 07 24 03 01 9C 06 39 8A 01 19 BC 87 13 A5 04 6D 02 E8 03 1A 03 00 00 00 00 00 00 00 00 00 00 06 FF 00 00 06 00 00 B2 57 1F D5 66 81 A1 
[13:29:14.692] F8 F8 B0 F0 08 00 00 00 00 34 00 14 02 07 0D 1D 0F 00 00 81 07 24 03 01 9C 06 39 8A 01 19 BC 87 13 A5 04 6C 02 E8 03 1A 03 00 00 00 00 00 00 00 00 00 00 06 FF 00 00 06 00 00 B6 89 1F D5 66 A8 CB 
[13:29:15.203] F8 F8 B0 F0 08 00 00 00 00 34 00 14 02 07 0D 1D 0F 00 00 81 07 24 03 01 9C 06 39 8A 01 19 BC 87 13 A5 04 6D 02 E8 03 15 03 00 00 00 00 00 00 00 00 00 00 06 FF 00 00 06 00 00 BB BC 1F D5 66 DA 73 
[13:29:15.703] F8 F8 B0 F0 08 00 00 00 00 34 00 14 02 07 0D 1D 10 00 00 81 07 24 03 01 9C 06 39 8A 01 19 BC 87 13 A5 04 6E 02 E8 03 15 03 00 00 00 00 00 00 00 00 00 00 06 FF 00 00 06 00 00 BE EE 1F D5 66 F4 F4 
[13:29:16.187] F8 F8 B0 F0 08 00 00 00 00 34 00 14 02 07 0D 1D 10 00 00 81 07 24 03 01 9C 06 39 8A 01 19 BC 87 13 A5 04 6E 02 E8 03 23 03 00 00 00 00 00 00 00 00 00 00 06 FF 00 00 06 00 00 C2 1F 20 D5 66 CB 10 
[13:29:16.692] F8 F8 B0 F0 08 00 00 00 00 34 00 14 02 07 0D 1D 11 00 00 81 07 24 03 01 9C 06 39 8A 01 19 BC 88 13 A5 04 6D 02 E8 03 23 03 00 00 00 00 00 00 00 00 00 00 06 FF 00 00 06 00 00 C6 51 20 D5 66 D4 81 
[13:29:17.193] F8 F8 B0 F0 08 00 00 00 00 34 00 14 02 07 0D 1D 11 00 00 81 07 24 03 01 9C 06 39 8A 01 19 BC 87 13 A5 04 6D 02 E8 03 24 03 00 00 00 00 00 00 00 00 00 00 06 FF 00 00 06 00 00 CA 83 20 D5 66 1C BE 
[13:29:17.703] F8 F8 B0 F0 08 00 00 00 00 34 00 14 02 07 0D 1D 12 00 00 81 07 24 03 01 9C 06 39 8A 01 19 BC 87 13 A5 04 6D 02 E8 03 24 03 00 00 00 00 00 00 00 00 00 00 06 FF 00 00 06 00 00 CE B6 20 D5 66 B1 E1 
[13:29:18.188] F8 F8 B0 F0 08 00 00 00 00 34 00 14 02 07 0D 1D 12 00 00 81 07 24 03 01 9C 06 39 8A 01 19 BC 88 13 A5 04 6D 02 E8 03 31 03 00 00 00 00 00 00 00 00 00 00 06 FF 00 00 06 00 00 D2 E7 20 D5 66 92 B2 
[13:29:18.692] F8 F8 B0 F0 08 00 00 00 00 34 00 14 02 07 0D 1D 13 00 00 81 07 24 03 01 9C 06 39 8A 01 19 BC 87 13 A5 04 6C 02 E8 03 31 03 00 00 00 00 00 00 00 00 00 00 06 FF 00 00 06 00 00 D6 19 21 D5 66 44 AC 
[13:29:19.194] F8 F8 B0 F0 08 00 00 00 00 34 00 14 02 07 0D 1D 13 00 00 81 07 24 03 01 9C 06 39 8A 01 19 BC 88 13 A5 04 6C 02 E8 03 11 03 00 00 00 00 00 00 00 00 00 00 06 FF 00 00 06 00 00 DA 4B 21 D5 66 1B 4B 
[13:29:19.703] F8 F8 B0 F0 08 00 00 00 00 34 00 14 02 07 0D 1D 14 00 00 81 07 24 03 01 9C 06 39 8A 01 19 BC 87 13 A5 04 6D 02 E8 03 11 03 00 00 00 00 00 00 00 00 00 00 06 FF 00 00 06 00 00 DE 7E 21 D5 66 48 43 
[13:29:20.219] F8 F8 B0 F0 08 00 00 00 00 34 00 14 02 07 0D 1D 15 00 00 81 07 24 03 01 9C 06 39 8A 01 19 BC 87 13 A5 04 6C 02 E8 03 1B 03 00 00 00 00 00 00 00 00 00 00 06 FF 00 00 06 00 00 E3 B1 21 D5 66 DF 26 

[13:29:21.694] F8 F8 B0 F0 08 00 00 00 00 34 00 14 02 07 0D 1D 16 00 00 81 07 24 03 01 9C 06 39 8A 01 19 BC 87 13 A4 04 6C 02 E8 03 20 03 00 00 00 00 00 00 00 00 00 00 06 FF 00 00 06 00 00 EE 45 22 D5 66 98 75 
[13:29:22.194] F8 F8 B0 F0 08 00 00 00 00 34 00 14 02 07 0D 1D 17 00 00 81 07 24 03 01 9C 06 39 8A 01 19 BC 87 13 A4 04 6B 02 E8 03 0D 03 00 00 00 00 00 00 00 00 00 00 06 FF 00 00 06 00 00 02 77 22 D5 66 A0 F5 
[13:29:22.694] F8 F8 B0 F0 08 00 00 00 00 34 00 14 02 07 0D 1D 17 00 00 81 07 24 03 01 9C 06 39 8A 01 19 BC 87 13 A4 04 6B 02 E8 03 0D 03 00 00 00 00 00 00 00 00 00 00 06 FF 00 00 06 00 00 06 A9 22 D5 66 FF 76 
[13:29:23.196] F8 F8 B0 F0 08 00 00 00 00 34 00 14 02 07 0D 1D 17 00 00 81 07 24 03 01 9C 06 39 8A 01 19 BC 87 13 A4 04 6C 02 E8 03 25 03 00 00 00 00 00 00 00 00 00 00 06 FF 00 00 06 00 00 0A DB 22 D5 66 BA 85 
[13:29:23.696] F8 F8 B0 F0 08 00 00 00 00 34 00 14 02 07 0D 1D 17 00 00 81 07 24 03 01 9C 06 39 8A 01 19 BC 87 13 A4 04 6B 02 E8 03 25 03 00 00 00 00 00 00 00 00 00 00 06 FF 00 00 06 00 00 0E 0D 23 D5 66 FA 4B 

[13:29:25.193] F8 F8 B0 F0 08 00 00 00 00 34 00 14 02 07 0D 1D 19 00 00 81 07 24 03 01 9C 06 39 8A 01 19 BC 87 13 A4 04 6B 02 E8 03 2A 03 00 00 00 00 00 00 00 00 00 00 06 FF 00 00 06 00 00 1A A3 23 D5 66 62 20 
[13:29:25.711] F8 F8 B0 F0 08 00 00 00 00 34 00 14 02 07 0D 1D 19 00 00 81 07 24 03 01 9C 06 39 8A 01 19 BC 87 13 A4 04 6B 02 E8 03 2A 03 00 00 00 00 00 00 00 00 00 00 06 FF 00 00 06 00 00 1F D7 23 D5 66 B1 8B 
[13:29:26.216] F8 F8 B0 F0 08 00 00 00 00 34 00 14 02 07 0D 1D 1A 00 00 81 07 24 03 01 9C 06 39 8A 01 19 BC 87 13 A4 04 6A 02 E8 03 24 03 00 00 00 00 00 00 00 00 00 00 06 FF 00 00 06 00 00 23 09 24 D5 66 1D FB 
[13:29:26.716] F8 F8 B0 F0 08 00 00 00 00 34 00 14 02 07 0D 1D 1B 00 00 81 07 24 03 01 9C 06 39 8A 01 19 BC 87 13 A4 04 6A 02 E8 03 24 03 00 00 00 00 00 00 00 00 00 00 06 FF 00 00 06 00 00 27 3B 24 D5 66 78 7E 
[13:29:27.216] F8 F8 B0 F0 08 00 00 00 00 34 00 14 02 07 0D 1D 1B 00 00 81 07 24 03 01 9C 06 39 8A 01 19 BC 87 13 A4 04 69 02 E8 03 1C 03 00 00 00 00 00 00 00 00 00 00 06 FF 00 00 06 00 00 2B 6D 24 D5 66 81 A2 
[13:29:27.716] F8 F8 B0 F0 08 00 00 00 00 34 00 14 02 07 0D 1D 1C 00 00 81 07 24 03 01 9C 06 39 8A 01 19 BC 87 13 A5 04 69 02 E8 03 1C 03 00 00 00 00 00 00 00 00 00 00 06 FF 00 00 06 00 00 2F 9F 24 D5 66 51 11 
[13:29:28.212] F8 F8 B0 F0 08 00 00 00 00 34 00 14 02 07 0D 1D 1C 00 00 81 07 24 03 01 9C 06 39 8A 01 19 BC 87 13 A5 04 69 02 E8 03 26 03 00 00 00 00 00 00 00 00 00 00 06 FF 00 00 06 00 00 33 D0 24 D5 66 98 22 
[13:29:28.714] F8 F8 B0 F0 08 00 00 00 00 34 00 14 02 07 0D 1D 1D 00 00 81 07 24 03 01 9C 06 39 8A 01 19 BC 87 13 A5 04 69 02 E8 03 26 03 00 00 00 00 00 00 00 00 00 00 06 FF 00 00 06 00 00 37 03 25 D5 66 93 62 
[13:29:29.217] F8 F8 B0 F0 08 00 00 00 00 34 00 14 02 07 0D 1D 1D 00 00 81 07 24 03 01 9C 06 39 8A 01 19 BC 87 13 A5 04 68 02 E8 03 15 03 00 00 00 00 00 00 00 00 00 00 06 FF 00 00 06 00 00 3B 35 25 D5 66 AC 5F 
[13:29:29.715] F8 F8 B0 F0 08 00 00 00 00 34 00 14 02 07 0D 1D 1E 00 00 81 07 24 03 01 9C 06 39 8A 01 19 BC 87 13 A5 04 67 02 E8 03 15 03 00 00 00 00 00 00 00 00 00 00 06 FF 00 00 06 00 00 3F 66 25 D5 66 27 B5 
[13:29:30.221] F8 F8 B0 F0 08 00 00 00 00 34 00 14 02 07 0D 1D 1E 00 00 81 07 24 03 01 9C 06 39 8A 01 19 BC 87 13 A5 04 68 02 E8 03 1D 03 00 00 00 00 00 00 00 00 00 00 06 FF 00 00 06 00 00 43 99 25 D5 66 7D 0B 
[13:29:30.720] F8 F8 B0 F0 08 00 00 00 00 34 00 14 02 07 0D 1D 1F 00 00 81 07 24 03 01 9C 06 39 8A 01 19 BC 87 13 A5 04 68 02 E8 03 1D 03 00 00 00 00 00 00 00 00 00 00 06 FF 00 00 06 00 00 47 CB 25 D5 66 CA D7 
[13:29:31.217] F8 F8 B0 F0 08 00 00 00 00 34 00 14 02 07 0D 1D 1F 00 00 81 07 24 03 01 9C 06 39 8A 01 19 BC 87 13 A5 04 68 02 E8 03 1B 03 00 00 00 00 00 00 00 00 00 00 06 FF 00 00 06 00 00 4B FD 25 D5 66 9B E5 
[13:29:31.713] F8 F8 B0 F0 08 00 00 00 00 34 00 14 02 07 0D 1D 20 00 00 81 07 24 03 01 9C 06 39 8A 01 19 BC 87 13 A5 04 68 02 E8 03 1B 03 00 00 00 00 00 00 00 00 00 00 06 FF 00 00 06 00 00 4F 2E 26 D5 66 DC 68 
[13:29:32.214] F8 F8 B0 F0 08 00 00 00 00 34 00 14 02 07 0D 1D 21 00 00 81 07 24 03 01 9C 06 39 8A 01 19 BC 87 13 A5 04 68 02 E8 03 15 03 00 00 00 00 00 00 00 00 00 00 06 FF 00 00 06 00 00 53 61 26 D5 66 0E 8A 
[13:29:32.716] F8 F8 B0 F0 08 00 00 00 00 34 00 14 02 07 0D 1D 21 00 00 81 07 24 03 01 9C 06 39 8A 01 19 BC 87 13 A5 04 68 02 E8 03 15 03 00 00 00 00 00 00 00 00 00 00 06 FF 00 00 06 00 00 57 92 26 D5 66 99 07 
[13:29:33.216] F8 F8 B0 F0 08 00 00 00 00 34 00 14 02 07 0D 1D 22 00 00 81 07 24 03 01 9C 06 39 8A 01 19 BC 87 13 A5 04 68 02 E8 03 22 03 00 00 00 00 00 00 00 00 00 00 06 FF 00 00 06 00 00 5B C4 26 D5 66 EB DD 
[13:29:33.716] F8 F8 B0 F0 08 00 00 00 00 34 00 14 02 07 0D 1D 22 00 00 81 07 24 03 01 9C 06 39 8A 01 19 BC 87 13 A4 04 68 02 E8 03 22 03 00 00 00 00 00 00 00 00 00 00 06 FF 00 00 06 00 00 5F F6 26 D5 66 73 9C 
[13:29:34.217] F8 F8 B0 F0 08 00 00 00 00 34 00 14 02 07 0D 1D 23 00 00 81 07 24 03 01 9C 06 39 8A 01 19 BC 87 13 A4 04 69 02 E8 03 22 03 00 00 00 00 00 00 00 00 00 00 06 FF 00 00 06 00 00 63 28 27 D5 66 A9 CF 
[13:29:34.713] F8 F8 B0 F0 08 00 00 00 00 34 00 14 02 07 0D 1D 23 00 00 81 07 24 03 01 9C 06 39 8A 01 19 BC 87 13 A4 04 69 02 E8 03 22 03 00 00 00 00 00 00 00 00 00 00 06 FF 00 00 06 00 00 67 5A 27 D5 66 B2 E9 
[13:29:35.214] F8 F8 B0 F0 08 00 00 00 00 34 00 14 02 07 0D 1D 23 00 00 81 07 24 03 01 9C 06 39 8A 01 19 BC 87 13 A4 04 6A 02 E8 03 22 03 00 00 00 00 00 00 00 00 00 00 06 FF 00 00 06 00 00 6B 8C 27 D5 66 BF 80 
[13:29:35.714] F8 F8 B0 F0 08 00 00 00 00 34 00 14 02 07 0D 1D 23 00 00 81 07 24 03 01 9C 06 39 8A 01 19 BC 87 13 A4 04 6A 02 E8 03 2B 03 00 00 00 00 00 00 00 00 00 00 06 FF 00 00 06 00 00 6F BE 27 D5 66 02 57 
[13:29:36.214] F8 F8 B0 F0 08 00 00 00 00 34 00 14 02 07 0D 1D 24 00 00 81 07 24 03 01 9C 06 39 8A 01 19 BC 87 13 A4 04 6A 02 E8 03 2B 03 00 00 00 00 00 00 00 00 00 00 06 FF 00 00 06 00 00 73 F0 27 D5 66 59 55 
[13:29:36.715] F8 F8 B0 F0 08 00 00 00 00 34 00 14 02 07 0D 1D 24 00 00 81 07 24 03 01 9C 06 39 8A 01 19 BC 87 13 A4 04 69 02 E8 03 20 03 00 00 00 00 00 00 00 00 00 00 06 FF 00 00 06 00 00 77 22 28 D5 66 85 29 
[13:29:37.233] F8 F8 B0 F0 08 00 00 00 00 34 00 14 02 07 0D 1D 25 00 00 81 07 24 03 01 9C 06 39 8A 01 19 BC 87 13 A4 04 69 02 E8 03 21 03 00 00 00 00 00 00 00 00 00 00 06 FF 00 00 06 00 00 7B 56 28 D5 66 CB D0 
[13:29:37.746] F8 F8 B0 F0 08 00 00 00 00 34 00 14 02 07 0D 1D 26 00 00 81 07 24 03 01 9C 06 39 8A 01 19 BC 87 13 A4 04 69 02 E8 03 21 03 00 00 00 00 00 00 00 00 00 00 06 FF 00 00 06 00 00 7F 89 28 D5 66 27 63 
[13:29:38.231] F8 F8 B0 F0 08 00 00 00 00 34 00 14 02 07 0D 1D 26 00 00 81 07 24 03 01 9C 06 39 8A 01 19 BC 87 13 A4 04 68 02 E8 03 26 03 00 00 00 00 00 00 00 00 00 00 06 FF 00 00 06 00 00 83 BA 28 D5 66 F2 C1 
[13:29:38.735] F8 F8 B0 F0 08 00 00 00 00 34 00 14 02 07 0D 1D 27 00 00 81 07 24 03 01 9C 06 39 8A 01 19 BC 86 13 A4 04 67 02 E8 03 26 03 00 00 00 00 00 00 00 00 00 00 06 FF 00 00 06 00 00 87 EC 28 D5 66 9F 45 
[13:29:39.236] F8 F8 B0 F0 08 00 00 00 00 34 00 14 02 07 0D 1D 27 00 00 81 07 24 03 01 9C 06 39 8A 01 19 BC 87 13 A4 04 68 02 E8 03 0E 03 00 00 00 00 00 00 00 00 00 00 06 FF 00 00 06 00 00 8B 1E 29 D5 66 15 31 
[13:29:39.737] F8 F8 B0 F0 08 00 00 00 00 34 00 14 02 07 0D 1D 28 00 00 81 07 24 03 01 9C 06 39 8A 01 19 BC 87 13 A4 04 68 02 E8 03 0E 03 00 00 00 00 00 00 00 00 00 00 06 FF 00 00 06 00 00 8F 50 29 D5 66 EF 3A 
[13:29:40.235] F8 F8 B0 F0 08 00 00 00 00 34 00 14 02 07 0D 1D 28 00 00 81 07 24 03 01 9C 06 39 8A 01 19 BC 87 13 A4 04 68 02 E8 03 2B 03 00 00 00 00 00 00 00 00 00 00 06 FF 00 00 06 00 00 93 82 29 D5 66 5C 9B 
[13:29:40.735] F8 F8 B0 F0 08 00 00 00 00 34 00 14 02 07 0D 1D 29 00 00 81 07 24 03 01 9C 06 39 8A 01 19 BC 87 13 A4 04 68 02 E8 03 2B 03 00 00 00 00 00 00 00 00 00 00 06 FF 00 00 06 00 00 97 B4 29 D5 66 C8 D4 
[13:29:41.235] F8 F8 B0 F0 08 00 00 00 00 34 00 14 02 07 0D 1D 29 00 00 81 07 24 03 01 9C 06 39 8A 01 19 BC 86 13 A4 04 67 02 E8 03 26 03 00 00 00 00 00 00 00 00 00 00 06 FF 00 00 06 00 00 9B E6 29 D5 66 AD 16 
[13:29:41.738] F8 F8 B0 F0 08 00 00 00 00 34 00 14 02 07 0D 1D 2A 00 00 81 07 24 03 01 9C 06 39 8A 01 19 BC 87 13 A4 04 67 02 E8 03 26 03 00 00 00 00 00 00 00 00 00 00 06 FF 00 00 06 00 00 9F 18 2A D5 66 AD E4 