//bypass all off all
																16		8	9 10 11 12 13 14 15				31 32 33 34 35 36 37 38 39 40
[11:20:06.064] F8 F8 B0 F0 08 00 00 00 00 34 00 14 02 07 0B 14 06 00 00 81 07 2D 03 01 90 06 39 8A 01 19 BC 00 00 03 00 00 00 00 00 00 00 00 00 00 00 00 00 00 00 00 00 06 9C 00 00 06 00 00 01 DB 8B D5 66 35 C0 
[11:20:06.568] F8 F8 B0 F0 08 00 00 00 00 34 00 14 02 07 0B 14 07 00 00 81 07 2D 03 01 90 06 39 8A 01 19 BC 00 00 03 00 00 00 00 00 00 00 00 00 00 00 00 00 00 00 00 00 06 9C 00 00 06 00 00 05 0D 8C D5 66 DB 8E 
[11:20:07.067] F8 F8 B0 F0 08 00 00 00 00 34 00 14 02 07 0B 14 07 00 00 81 07 2D 03 01 90 06 39 8A 01 19 BC 00 00 03 00 00 00 00 00 00 00 00 00 00 00 00 00 00 00 00 00 06 9C 00 00 06 00 00 09 3F 8C D5 66 71 C4 
[11:20:07.566] F8 F8 B0 F0 08 00 00 00 00 34 00 14 02 07 0B 14 08 00 00 81 07 2D 03 01 90 06 39 8A 01 19 BC 00 00 03 00 00 00 00 00 00 00 00 00 00 00 00 00 00 00 00 00 06 9C 00 00 06 00 00 0D 71 8C D5 66 8B CF 
[11:20:08.063] F8 F8 B0 F0 08 00 00 00 00 34 00 14 02 07 0B 14 08 00 00 81 07 2D 03 01 90 06 39 8A 01 19 BC 00 00 03 00 00 00 00 00 00 00 00 00 00 00 00 00 00 00 00 00 06 9C 00 00 06 00 00 11 A2 8C D5 66 25 73 
[11:20:08.564] F8 F8 B0 F0 08 00 00 00 00 34 00 14 02 07 0B 14 09 00 00 81 07 2D 03 01 90 06 39 8A 01 19 BC 00 00 03 00 00 00 00 00 00 00 00 00 00 00 00 00 00 00 00 00 06 9C 00 00 06 00 00 15 D5 8C D5 66 99 24 
[11:20:09.067] F8 F8 B0 F0 08 00 00 00 00 34 00 14 02 07 0B 14 09 00 00 81 07 2D 03 01 90 06 39 8A 01 19 BC 00 00 03 00 00 00 00 00 00 00 00 00 00 00 00 00 00 00 00 00 06 9C 00 00 06 00 00 19 07 8D D5 66 E9 DD 
[11:20:09.566] F8 F8 B0 F0 08 00 00 00 00 34 00 14 02 07 0B 14 0A 00 00 81 07 2D 03 01 90 06 39 8A 01 19 BC 00 00 03 00 00 00 00 00 00 00 00 00 00 00 00 00 00 00 00 00 06 9C 00 00 06 00 00 1D 39 8D D5 66 5B 9C 
[11:20:10.083] F8 F8 B0 F0 08 00 00 00 00 34 00 14 02 07 0B 14 0A 00 00 81 07 2D 03 01 90 06 39 8A 01 19 BC 00 00 03 00 00 00 00 00 00 00 00 00 00 00 00 00 00 00 00 00 06 9C 00 00 06 00 00 21 6D 8D D5 66 54 A4 
[11:20:10.585] F8 F8 B0 F0 08 00 00 00 00 34 00 14 02 07 0B 14 0B 00 00 81 07 2D 03 01 90 06 39 8A 01 19 BC 00 00 03 00 00 00 00 00 00 00 00 00 00 00 00 00 00 00 00 00 06 9C 00 00 06 00 00 25 9F 8D D5 66 95 92 
[11:20:11.085] F8 F8 B0 F0 08 00 00 00 00 34 00 14 02 07 0B 14 0B 00 00 81 07 2D 03 01 90 06 39 8A 01 19 BC 00 00 03 00 00 00 00 00 00 00 00 00 00 00 00 00 00 00 00 00 06 9C 00 00 06 00 00 29 D1 8D D5 66 78 D5 
[11:20:11.588] F8 F8 B0 F0 08 00 00 00 00 34 00 14 02 07 0B 14 0B 00 00 81 07 2D 03 01 90 06 39 8A 01 19 BC 00 00 03 00 00 00 00 00 00 00 00 00 00 00 00 00 00 00 00 00 06 9C 00 00 06 00 00 2D 03 8E D5 66 45 40 
[11:20:12.085] F8 F8 B0 F0 08 00 00 00 00 34 00 14 02 07 0B 14 0C 00 00 81 07 2D 03 01 90 06 39 8A 01 19 BC 00 00 03 00 00 00 00 00 00 00 00 00 00 00 00 00 00 00 00 00 06 9C 00 00 06 00 00 31 34 8E D5 66 1C F3 
[11:20:12.583] F8 F8 B0 F0 08 00 00 00 00 34 00 14 02 07 0B 14 0C 00 00 81 07 2D 03 01 90 06 39 8A 01 19 BC 00 00 03 00 00 00 00 00 00 00 00 00 00 00 00 00 00 00 00 00 06 9C 00 00 06 00 00 35 66 8E D5 66 49 E2 
[11:20:13.083] F8 F8 B0 F0 08 00 00 00 00 34 00 14 02 07 0B 14 0D 00 00 81 07 2D 03 01 90 06 39 8A 01 19 BC 00 00 03 00 00 00 00 00 00 00 00 00 00 00 00 00 00 00 00 00 06 9C 00 00 06 00 00 39 98 8E D5 66 97 99 
[11:20:13.586] F8 F8 B0 F0 08 00 00 00 00 34 00 14 02 07 0B 14 0D 00 00 81 07 2D 03 01 90 06 39 8A 01 19 BC 00 00 03 00 00 00 00 00 00 00 00 00 00 00 00 00 00 00 00 00 06 9C 00 00 06 00 00 3D CA 8E D5 66 C2 88 
[11:20:14.084] F8 F8 B0 F0 08 00 00 00 00 34 00 14 02 07 0B 14 0E 00 00 81 07 2D 03 01 90 06 39 8A 01 19 BC 00 00 03 00 00 00 00 00 00 00 00 00 00 00 00 00 00 00 00 00 06 9C 00 00 06 00 00 41 FC 8E D5 66 18 53 
[11:20:14.584] F8 F8 B0 F0 08 00 00 00 00 34 00 14 02 07 0B 14 0E 00 00 81 07 2D 03 01 90 06 39 8A 01 19 BC 00 00 03 00 00 00 00 00 00 00 00 00 00 00 00 00 00 00 00 00 06 9C 00 00 06 00 00 45 2E 8F D5 66 45 A8 
[11:20:15.083] F8 F8 B0 F0 08 00 00 00 00 34 00 14 02 07 0B 14 0F 00 00 81 07 2D 03 01 90 06 39 8A 01 19 BC 00 00 03 00 00 00 00 00 00 00 00 00 00 00 00 00 00 00 00 00 06 9C 00 00 06 00 00 49 60 8F D5 66 4A 22 
[11:20:15.583] F8 F8 B0 F0 08 00 00 00 00 34 00 14 02 07 0B 14 0F 00 00 81 07 2D 03 01 90 06 39 8A 01 19 BC 00 00 03 00 00 00 00 00 00 00 00 00 00 00 00 00 00 00 00 00 06 9C 00 00 06 00 00 4D 92 8F D5 66 69 D9 
[11:20:16.085] F8 F8 B0 F0 08 00 00 00 00 34 00 14 02 07 0B 14 10 00 00 81 07 2D 03 01 90 06 39 8A 01 19 BC 00 00 03 00 00 00 00 00 00 00 00 00 00 00 00 00 00 00 00 00 06 9C 00 00 06 00 00 51 C4 8F D5 66 2C 55 
[11:20:16.582] F8 F8 B0 F0 08 00 00 00 00 34 00 14 02 07 0B 14 10 00 00 81 07 2D 03 01 90 06 39 8A 01 19 BC 00 00 03 00 00 00 00 00 00 00 00 00 00 00 00 00 00 00 00 00 06 9C 00 00 06 00 00 55 F6 8F D5 66 AB 1D 
[11:20:17.083] F8 F8 B0 F0 08 00 00 00 00 34 00 14 02 07 0B 14 11 00 00 81 07 2D 03 01 90 06 39 8A 01 19 BC 00 00 03 00 00 00 00 00 00 00 00 00 00 00 00 00 00 00 00 00 06 9C 00 00 06 00 00 59 28 90 D5 66 69 3E 
[11:20:17.603] F8 F8 B0 F0 08 00 00 00 00 34 00 14 02 07 0B 14 12 00 00 81 07 2D 03 01 90 06 39 8A 01 19 BC 00 00 03 00 00 00 00 00 00 00 00 00 00 00 00 00 00 00 00 00 06 9C 00 00 06 00 00 5D 5A 90 D5 66 75 5E 
[11:20:18.087] F8 F8 B0 F0 08 00 00 00 00 34 00 14 02 07 0B 14 12 00 00 81 07 2D 03 01 90 06 39 8A 01 19 BC 00 00 03 00 00 00 00 00 00 00 00 00 00 00 00 00 00 00 00 00 06 9C 00 00 06 00 00 61 8C 90 D5 66 2A 56 
[11:20:18.587] F8 F8 B0 F0 08 00 00 00 00 34 00 14 02 07 0B 14 13 00 00 81 07 2D 03 01 90 06 39 8A 01 19 BC 00 00 03 00 00 00 00 00 00 00 00 00 00 00 00 00 00 00 00 00 06 9C 00 00 06 00 00 65 BE 90 D5 66 4F D3 
[11:20:19.086] F8 F8 B0 F0 08 00 00 00 00 34 00 14 02 07 0B 14 13 00 00 81 07 2D 03 01 90 06 39 8A 01 19 BC 00 00 03 00 00 00 00 00 00 00 00 00 00 00 00 00 00 00 00 00 06 9C 00 00 06 00 00 69 F0 90 D5 66 A2 94 
[11:20:19.587] F8 F8 B0 F0 08 00 00 00 00 34 00 14 02 07 0B 14 14 00 00 81 07 2D 03 01 90 06 39 8A 01 19 BC 00 00 03 00 00 00 00 00 00 00 00 00 00 00 00 00 00 00 00 00 06 9C 00 00 06 00 00 6D 22 91 D5 66 13 2E 
[11:20:20.087] F8 F8 B0 F0 08 00 00 00 00 34 00 14 02 07 0B 14 14 00 00 81 07 2D 03 01 90 06 39 8A 01 19 BC 00 00 03 00 00 00 00 00 00 00 00 00 00 00 00 00 00 00 00 00 06 9C 00 00 06 00 00 71 54 91 D5 66 8E C4 
[11:20:20.587] F8 F8 B0 F0 08 00 00 00 00 34 00 14 02 07 0B 14 15 00 00 81 07 2D 03 01 90 06 39 8A 01 19 BC 00 00 03 00 00 00 00 00 00 00 00 00 00 00 00 00 00 00 00 00 06 9C 00 00 06 00 00 75 86 91 D5 66 01 C5 
[11:20:21.087] F8 F8 B0 F0 08 00 00 00 00 34 00 14 02 07 0B 14 15 00 00 81 07 2D 03 01 90 06 39 8A 01 19 BC 00 00 03 00 00 00 00 00 00 00 00 00 00 00 00 00 00 00 00 00 06 9C 00 00 06 00 00 79 B8 91 D5 66 99 C0 
[11:20:21.603] F8 F8 B0 F0 08 00 00 00 00 34 00 14 02 07 0B 14 16 00 00 81 07 2D 03 01 90 06 39 8A 01 19 BC 00 00 03 00 00 00 00 00 00 00 00 00 00 00 00 00 00 00 00 00 06 9C 00 00 06 00 00 7D EC 91 D5 66 52 B0 
[11:20:22.103] F8 F8 B0 F0 08 00 00 00 00 34 00 14 02 07 0B 14 16 00 00 81 07 2D 03 01 90 06 39 8A 01 19 BC 00 00 03 00 00 00 00 00 00 00 00 00 00 00 00 00 00 00 00 00 06 9C 00 00 06 00 00 81 1E 92 D5 66 5A 2F 
[11:20:22.603] F8 F8 B0 F0 08 00 00 00 00 34 00 14 02 07 0B 14 17 00 00 81 07 2D 03 01 90 06 39 8A 01 19 BC 00 00 03 00 00 00 00 00 00 00 00 00 00 00 00 00 00 00 00 00 06 9C 00 00 06 00 00 85 50 92 D5 66 78 A7 
[11:20:23.127] F8 F8 B0 F0 08 00 00 00 00 34 00 14 02 07 0B 14 17 00 00 81 07 2D 03 01 90 06 39 8A 01 19 BC 00 00 03 00 00 00 00 00 00 00 00 00 00 00 00 00 00 00 00 00 06 9C 00 00 06 00 00 89 82 92 D5 66 38 69 
[11:20:23.607] F8 F8 B0 F0 08 00 00 00 00 34 00 14 02 07 0B 14 17 00 00 81 07 2D 03 01 90 06 39 8A 01 19 BC 00 00 03 00 00 00 00 00 00 00 00 00 00 00 00 00 00 00 00 00 06 9C 00 00 06 00 00 8D B4 92 D5 66 4E EB 
[11:20:24.104] F8 F8 B0 F0 08 00 00 00 00 34 00 14 02 07 0B 14 18 00 00 81 07 2D 03 01 90 06 39 8A 01 19 BC 00 00 03 00 00 00 00 00 00 00 00 00 00 00 00 00 00 00 00 00 06 9C 00 00 06 00 00 91 E6 92 D5 66 56 B2 
[11:20:24.604] F8 F8 B0 F0 08 00 00 00 00 34 00 14 02 07 0B 14 18 00 00 81 07 2D 03 01 90 06 39 8A 01 19 BC 00 00 03 00 00 00 00 00 00 00 00 00 00 00 00 00 00 00 00 00 06 9C 00 00 06 00 00 95 18 93 D5 66 77 31 

[11:20:25.605] F8 F8 B0 F0 08 00 00 00 00 34 00 14 02 07 0B 14 19 00 00 81 07 2D 03 01 90 06 39 8A 01 19 BC 00 00 03 00 00 00 00 00 00 00 00 00 00 00 00 00 00 00 00 00 06 9C 00 00 06 00 00 9D 7C 93 D5 66 9B 6D 
[11:20:26.104] F8 F8 B0 F0 08 00 00 00 00 34 00 14 02 07 0B 14 1A 00 00 81 07 2D 03 01 90 06 39 8A 01 19 BC 00 00 03 00 00 00 00 00 00 00 00 00 00 00 00 00 00 00 00 00 06 9C 00 00 06 00 00 A1 AE 93 D5 66 32 E9 
[11:20:26.602] F8 F8 B0 F0 08 00 00 00 00 34 00 14 02 07 0B 14 1A 00 00 81 07 2D 03 01 90 06 39 8A 01 19 BC 00 00 03 00 00 00 00 00 00 00 00 00 00 00 00 00 00 00 00 00 06 9C 00 00 06 00 00 A5 E0 93 D5 66 F2 AC 
[11:20:27.103] F8 F8 B0 F0 08 00 00 00 00 34 00 14 02 07 0B 14 1B 00 00 81 07 2D 03 01 90 06 39 8A 01 19 BC 00 00 03 00 00 00 00 00 00 00 00 00 00 00 00 00 00 00 00 00 06 9C 00 00 06 00 00 A9 12 94 D5 66 8E 1D 
[11:20:27.607] F8 F8 B0 F0 08 00 00 00 00 34 00 14 02 07 0B 14 1B 00 00 81 07 2D 03 01 90 06 39 8A 01 19 BC 00 00 03 00 00 00 00 00 00 00 00 00 00 00 00 00 00 00 00 00 06 9C 00 00 06 00 00 AD 44 94 D5 66 2A C6 
[11:20:28.106] F8 F8 B0 F0 08 00 00 00 00 34 00 14 02 07 0B 14 1C 00 00 81 07 2D 03 01 90 06 39 8A 01 19 BC 00 00 03 00 00 00 00 00 00 00 00 00 00 00 00 00 00 00 00 00 06 9C 00 00 06 00 00 B1 76 94 D5 66 36 C9 
[11:20:28.602] F8 F8 B0 F0 08 00 00 00 00 34 00 14 02 07 0B 14 1C 00 00 81 07 2D 03 01 90 06 39 8A 01 19 BC 00 00 03 00 00 00 00 00 00 00 00 00 00 00 00 00 00 00 00 00 06 9C 00 00 06 00 00 B5 A8 94 D5 66 69 4A 
[11:20:29.108] F8 F8 B0 F0 08 00 00 00 00 34 00 14 02 07 0B 14 1D 00 00 81 07 2D 03 01 90 06 39 8A 01 19 BC 00 00 03 00 00 00 00 00 00 00 00 00 00 00 00 00 00 00 00 00 06 9C 00 00 06 00 00 B9 DA 94 D5 66 BD A3 
[11:20:29.618] F8 F8 B0 F0 08 00 00 00 00 34 00 14 02 07 0B 14 1E 00 00 81 07 2D 03 01 90 06 39 8A 01 19 BC 00 00 03 00 00 00 00 00 00 00 00 00 00 00 00 00 00 00 00 00 06 9C 00 00 06 00 00 BD 0D 95 D5 66 A2 A2 
[11:20:30.102] F8 F8 B0 F0 08 00 00 00 00 34 00 14 02 07 0B 14 1E 00 00 81 07 2D 03 01 90 06 39 8A 01 19 BC 00 00 03 00 00 00 00 00 00 00 00 00 00 00 00 00 00 00 00 00 06 9C 00 00 06 00 00 C1 3E 95 D5 66 3A 83 
[11:20:30.604] F8 F8 B0 F0 08 00 00 00 00 34 00 14 02 07 0B 14 1F 00 00 81 07 2D 03 01 90 06 39 8A 01 19 BC 00 00 03 00 00 00 00 00 00 00 00 00 00 00 00 00 00 00 00 00 06 9C 00 00 06 00 00 C5 70 95 D5 66 18 0B 
[11:20:31.105] F8 F8 B0 F0 08 00 00 00 00 34 00 14 02 07 0B 14 1F 00 00 81 07 2D 03 01 90 06 39 8A 01 19 BC 00 00 03 00 00 00 00 00 00 00 00 00 00 00 00 00 00 00 00 00 06 9C 00 00 06 00 00 C9 A2 95 D5 66 58 C5 
[11:20:31.604] F8 F8 B0 F0 08 00 00 00 00 34 00 14 02 07 0B 14 20 00 00 81 07 2D 03 01 90 06 39 8A 01 19 BC 00 00 03 00 00 00 00 00 00 00 00 00 00 00 00 00 00 00 00 00 06 9C 00 00 06 00 00 CD D4 95 D5 66 7C 47 
[11:20:32.104] F8 F8 B0 F0 08 00 00 00 00 34 00 14 02 07 0B 14 20 00 00 81 07 2D 03 01 90 06 39 8A 01 19 BC 00 00 03 00 00 00 00 00 00 00 00 00 00 00 00 00 00 00 00 00 06 9C 00 00 06 00 00 D1 06 96 D5 66 36 D4 
[11:20:32.603] F8 F8 B0 F0 08 00 00 00 00 34 00 14 02 07 0B 14 21 00 00 81 07 2D 03 01 90 06 39 8A 01 19 BC 00 00 03 00 00 00 00 00 00 00 00 00 00 00 00 00 00 00 00 00 06 9C 00 00 06 00 00 D5 38 96 D5 66 61 1E 
[11:20:33.127] F8 F8 B0 F0 08 00 00 00 00 34 00 14 02 07 0B 14 21 00 00 81 07 2D 03 01 90 06 39 8A 01 19 BC 00 00 03 00 00 00 00 00 00 00 00 00 00 00 00 00 00 00 00 00 06 9C 00 00 06 00 00 D9 6C 96 D5 66 80 2A 
[11:20:33.624] F8 F8 B0 F0 08 00 00 00 00 34 00 14 02 07 0B 14 22 00 00 81 07 2D 03 01 90 00 39 8A 01 19 BC 00 00 03 00 00 00 00 00 00 00 00 00 00 00 00 00 00 00 00 00 06 9C 00 00 06 00 00 DD 9D 96 D5 66 60 77 
[11:20:34.124] F8 F8 B0 F0 08 00 00 00 00 34 00 14 02 07 0B 14 22 00 00 81 07 2D 03 01 90 00 39 8A 01 19 BC 00 00 03 00 00 00 00 00 00 00 00 00 00 00 00 00 00 00 00 00 06 9C 00 00 06 00 00 E1 D0 96 D5 66 BF A7 
[11:20:34.625] F8 F8 B0 F0 08 00 00 00 00 34 00 14 02 07 0B 14 23 00 00 81 07 2D 03 01 90 00 39 8A 01 19 BC 00 00 03 00 00 00 00 00 00 00 00 00 00 00 00 00 00 00 00 00 06 9C 00 00 06 00 00 E5 02 97 D5 66 00 91 
[11:20:35.142] F8 F8 B0 F0 08 00 00 00 00 34 00 14 02 07 0B 14 23 00 00 81 07 2D 03 01 90 00 39 8A 01 19 BC 00 00 03 00 00 00 00 00 00 00 00 00 00 00 00 00 00 00 00 00 06 9C 00 00 06 00 00 E9 33 97 D5 66 76 40 
[11:20:35.627] F8 F8 B0 F0 08 00 00 00 00 34 00 14 02 07 0B 14 23 00 00 81 07 2D 03 01 90 00 39 8A 01 19 BC 00 00 03 00 00 00 00 00 00 00 00 00 00 00 00 00 00 00 00 00 06 9C 00 00 06 00 00 ED 66 97 D5 66 0E 00 
[11:20:36.128] F8 F8 B0 F0 08 00 00 00 00 34 00 14 02 07 0B 14 24 00 00 81 07 2D 03 01 90 00 39 8A 01 19 BC 00 00 03 00 00 00 00 00 00 00 00 00 00 00 00 00 00 00 00 00 06 9C 00 00 06 00 00 01 98 97 D5 66 D2 CC 
[11:20:36.625] F8 F8 B0 F0 08 00 00 00 00 34 00 14 02 07 0B 14 24 00 00 81 07 2D 03 01 90 00 39 8A 01 19 BC 00 00 03 00 00 00 00 00 00 00 00 00 00 00 00 00 00 00 00 00 06 9C 00 00 06 00 00 05 CA 97 D5 66 87 DD 
[11:20:37.126] F8 F8 B0 F0 08 00 00 00 00 34 00 14 02 07 0B 14 25 00 00 81 07 2D 03 01 90 00 39 8A 01 19 BC 00 00 03 00 00 00 00 00 00 00 00 00 00 00 00 00 00 00 00 00 06 9C 00 00 06 00 00 09 FC 97 D5 66 3E 90 
[11:20:37.626] F8 F8 B0 F0 08 00 00 00 00 34 00 14 02 07 0B 14 25 00 00 81 07 2D 03 01 90 00 39 8A 01 19 BC 00 00 03 00 00 00 00 00 00 00 00 00 00 00 00 00 00 00 00 00 06 9C 00 00 06 00 00 0D 2E 98 D5 66 62 70 
[11:20:38.129] F8 F8 B0 F0 08 00 00 00 00 34 00 14 02 07 0B 14 26 00 00 81 07 2D 03 01 90 00 39 8A 01 19 BC 00 00 03 00 00 00 00 00 00 00 00 00 00 00 00 00 00 00 00 00 06 9C 00 00 06 00 00 11 60 98 D5 66 D2 75 
[11:20:38.628] F8 F8 B0 F0 08 00 00 00 00 34 00 14 02 07 0B 14 26 00 00 81 07 2D 03 01 90 00 39 8A 01 19 BC 00 00 03 00 00 00 00 00 00 00 00 00 00 00 00 00 00 00 00 00 06 9C 00 00 06 00 00 15 92 98 D5 66 F1 8E 
[11:20:39.127] F8 F8 B0 F0 08 00 00 00 00 34 00 14 02 07 0B 14 27 00 00 81 07 2D 03 01 90 00 39 8A 01 19 BC 00 00 03 00 00 00 00 00 00 00 00 00 00 00 00 00 00 00 00 00 06 9C 00 00 06 00 00 19 C4 98 D5 66 9A 9A 
[11:20:39.628] F8 F8 B0 F0 08 00 00 00 00 34 00 14 02 07 0B 14 27 00 00 81 07 2D 03 01 90 00 39 8A 01 19 BC 00 00 03 00 00 00 00 00 00 00 00 00 00 00 00 00 00 00 00 00 06 9C 00 00 06 00 00 1D F6 98 D5 66 1D D2 
[11:20:40.128] F8 F8 B0 F0 08 00 00 00 00 34 00 14 02 07 0B 14 28 00 00 81 07 2D 03 01 90 00 39 8A 01 19 BC 00 00 03 00 00 00 00 00 00 00 00 00 00 00 00 00 00 00 00 00 06 9C 00 00 06 00 00 21 28 99 D5 66 8B 26 
[11:20:40.645] F8 F8 B0 F0 08 00 00 00 00 34 00 14 02 07 0B 14 29 00 00 81 07 2D 03 01 90 00 39 8A 01 19 BC 00 00 03 00 00 00 00 00 00 00 00 00 00 00 00 00 00 00 00 00 06 9C 00 00 06 00 00 25 5A 99 D5 66 72 CD 
[11:20:41.128] F8 F8 B0 F0 08 00 00 00 00 34 00 14 02 07 0B 14 29 00 00 81 07 2D 03 01 90 00 39 8A 01 19 BC 00 00 03 00 00 00 00 00 00 00 00 00 00 00 00 00 00 00 00 00 06 9C 00 00 06 00 00 29 8C 99 D5 66 C3 C9 
[11:20:41.627] F8 F8 B0 F0 08 00 00 00 00 34 00 14 02 07 0B 14 2A 00 00 81 07 2D 03 01 90 00 39 8A 01 19 BC 00 00 03 00 00 00 00 00 00 00 00 00 00 00 00 00 00 00 00 00 06 9C 00 00 06 00 00 2D BE 99 D5 66 43 C7 
[11:20:42.128] F8 F8 B0 F0 08 00 00 00 00 34 00 14 02 07 0B 14 2A 00 00 81 07 2D 03 01 90 00 39 8A 01 19 BC 00 00 03 00 00 00 00 00 00 00 00 00 00 00 00 00 00 00 00 00 06 9C 00 00 06 00 00 31 F0 99 D5 66 F4 84 
[11:20:42.628] F8 F8 B0 F0 08 00 00 00 00 34 00 14 02 07 0B 14 2B 00 00 81 07 2D 03 01 90 00 39 8A 01 19 BC 00 00 03 00 00 00 00 00 00 00 00 00 00 00 00 00 00 00 00 00 06 9C 00 00 06 00 00 35 22 9A D5 66 2B DC 
[11:20:43.125] F8 F8 B0 F0 08 00 00 00 00 34 00 14 02 07 0B 14 2B 00 00 81 07 2D 03 01 90 00 39 8A 01 19 BC 00 00 03 00 00 00 00 00 00 00 00 00 00 00 00 00 00 00 00 00 06 9C 00 00 06 00 00 39 53 9A D5 66 C1 63 
[11:20:43.625] F8 F8 B0 F0 08 00 00 00 00 34 00 14 02 07 0B 14 2C 00 00 81 07 2D 03 01 90 00 39 8A 01 19 BC 00 00 03 00 00 00 00 00 00 00 00 00 00 00 00 00 00 00 00 00 06 9C 00 00 06 00 00 3D 86 9A D5 66 6D BF 
[11:20:44.127] F8 F8 B0 F0 08 00 00 00 00 34 00 14 02 07 0B 14 2C 00 00 81 07 2D 03 01 90 00 39 8A 01 19 BC 00 00 03 00 00 00 00 00 00 00 00 00 00 00 00 00 00 00 00 00 06 9C 00 00 06 00 00 41 B8 9A D5 66 73 A7 