h6 13h43 off all
																16		8	9 10 11 12 13 14 15				31 32 33 34 35 36 37 38 39 40
[13:43:39.703] F8 F8 B0 F0 08 00 00 00 00 34 00 14 02 07 0D 2B 28 00 00 81 07 2D 03 01 90 06 39 8A 01 19 BC 00 00 03 00 00 00 00 00 00 00 00 00 00 00 00 00 00 00 00 00 06 9C 00 00 06 00 00 8D 59 71 D6 66 8D 68 
[13:43:40.205] F8 F8 B0 F0 08 00 00 00 00 34 00 14 02 07 0D 2B 29 00 00 81 07 2D 03 01 90 06 39 8A 01 19 BC 00 00 03 00 00 00 00 00 00 00 00 00 00 00 00 00 00 00 00 00 06 9C 00 00 06 00 00 91 8B 71 D6 66 75 6F 
[13:43:40.705] F8 F8 B0 F0 08 00 00 00 00 34 00 14 02 07 0D 2B 29 00 00 81 07 2D 03 01 90 06 39 8A 01 19 BC 00 00 03 00 00 00 00 00 00 00 00 00 00 00 00 00 00 00 00 00 06 9C 00 00 06 00 00 95 BD 71 D6 66 03 ED 
[13:43:41.205] F8 F8 B0 F0 08 00 00 00 00 34 00 14 02 07 0D 2B 29 00 00 81 07 2D 03 01 90 06 39 8A 01 19 BC 00 00 03 00 00 00 00 00 00 00 00 00 00 00 00 00 00 00 00 00 06 9C 00 00 06 00 00 99 EF 71 D6 66 7B FE 
[13:43:41.705] F8 F8 B0 F0 08 00 00 00 00 34 00 14 02 07 0D 2B 29 00 00 81 07 2D 03 01 90 06 39 8A 01 19 BC 00 00 03 00 00 00 00 00 00 00 00 00 00 00 00 00 00 00 00 00 06 9C 00 00 06 00 00 9D 21 72 D6 66 D3 3F 
[13:43:42.205] F8 F8 B0 F0 08 00 00 00 00 34 00 14 02 07 0D 2B 2A 00 00 81 07 2D 03 01 90 06 39 8A 01 19 BC 00 00 03 00 00 00 00 00 00 00 00 00 00 00 00 00 00 00 00 00 06 9C 00 00 06 00 00 A1 53 72 D6 66 0C 51 
[13:43:42.702] F8 F8 B0 F0 08 00 00 00 00 34 00 14 02 07 0D 2B 2A 00 00 81 07 2D 03 01 90 06 39 8A 01 19 BC 00 00 03 00 00 00 00 00 00 00 00 00 00 00 00 00 00 00 00 00 06 9C 00 00 06 00 00 A5 85 72 D6 66 90 57 
[13:43:43.202] F8 F8 B0 F0 08 00 00 00 00 34 00 14 02 07 0D 2B 2B 00 00 81 07 2D 03 01 90 06 39 8A 01 19 BC 00 00 03 00 00 00 00 00 00 00 00 00 00 00 00 00 00 00 00 00 06 9C 00 00 06 00 00 A9 B7 72 D6 66 D8 D0 
[13:43:43.705] F8 F8 B0 F0 08 00 00 00 00 34 00 14 02 07 0D 2B 2B 00 00 81 07 2D 03 01 90 06 39 8A 01 19 BC 00 00 03 00 00 00 00 00 00 00 00 00 00 00 00 00 00 00 00 00 06 9C 00 00 06 00 00 AD E9 72 D6 66 BF 8E 
[13:43:44.204] F8 F8 B0 F0 08 00 00 00 00 34 00 14 02 07 0D 2B 2C 00 00 81 07 2D 03 01 90 06 39 8A 01 19 BC 00 00 03 00 00 00 00 00 00 00 00 00 00 00 00 00 00 00 00 00 06 9C 00 00 06 00 00 B1 1B 73 D6 66 37 05 
[13:43:44.704] F8 F8 B0 F0 08 00 00 00 00 34 00 14 02 07 0D 2B 2D 00 00 81 07 2D 03 01 90 06 39 8A 01 19 BC 00 00 03 00 00 00 00 00 00 00 00 00 00 00 00 00 00 00 00 00 06 9C 00 00 06 00 00 B5 4D 73 D6 66 71 13 
[13:43:45.206] F8 F8 B0 F0 08 00 00 00 00 34 00 14 02 07 0D 2B 2D 00 00 81 07 2D 03 01 90 06 39 8A 01 19 BC 00 00 03 00 00 00 00 00 00 00 00 00 00 00 00 00 00 00 00 00 06 9C 00 00 06 00 00 B9 7F 73 D6 66 DB 59 
[13:43:45.705] F8 F8 B0 F0 08 00 00 00 00 34 00 14 02 07 0D 2B 2E 00 00 81 07 2D 03 01 90 06 39 8A 01 19 BC 00 00 03 00 00 00 00 00 00 00 00 00 00 00 00 00 00 00 00 00 06 9C 00 00 06 00 00 BD B1 73 D6 66 24 87 
[13:43:46.201] F8 F8 B0 F0 08 00 00 00 00 34 00 14 02 07 0D 2B 2E 00 00 81 07 2D 03 01 90 06 39 8A 01 19 BC 00 00 03 00 00 00 00 00 00 00 00 00 00 00 00 00 00 00 00 00 06 9C 00 00 06 00 00 C1 E3 73 D6 66 DA 89 
[13:43:46.702] F8 F8 B0 F0 08 00 00 00 00 34 00 14 02 07 0D 2B 2F 00 00 81 07 2D 03 01 90 06 39 8A 01 19 BC 00 00 03 00 00 00 00 00 00 00 00 00 00 00 00 00 00 00 00 00 06 9C 00 00 06 00 00 C5 15 74 D6 66 7A F0 
[13:43:47.202] F8 F8 B0 F0 08 00 00 00 00 34 00 14 02 07 0D 2B 2F 00 00 81 07 2D 03 01 90 06 39 8A 01 19 BC 00 00 03 00 00 00 00 00 00 00 00 00 00 00 00 00 00 00 00 00 06 9C 00 00 06 00 00 C9 47 74 D6 66 02 E3 
[13:43:47.705] F8 F8 B0 F0 08 00 00 00 00 34 00 14 02 07 0D 2B 30 00 00 81 07 2D 03 01 90 06 39 8A 01 19 BC 00 00 03 00 00 00 00 00 00 00 00 00 00 00 00 00 00 00 00 00 06 9C 00 00 06 00 00 CD 79 74 D6 66 21 B5 
[13:43:48.205] F8 F8 B0 F0 08 00 00 00 00 34 00 14 02 07 0D 2B 30 00 00 81 07 2D 03 01 90 06 39 8A 01 19 BC 00 00 03 00 00 00 00 00 00 00 00 00 00 00 00 00 00 00 00 00 06 9C 00 00 06 00 00 D1 AB 74 D6 66 3B 7F 
[13:43:48.701] F8 F8 B0 F0 08 00 00 00 00 34 00 14 02 07 0D 2B 31 00 00 81 07 2D 03 01 90 06 39 8A 01 19 BC 00 00 03 00 00 00 00 00 00 00 00 00 00 00 00 00 00 00 00 00 06 9C 00 00 06 00 00 D5 DD 74 D6 66 33 5E 
[13:43:49.202] F8 F8 B0 F0 08 00 00 00 00 34 00 14 02 07 0D 2B 31 00 00 81 07 2D 03 01 90 06 39 8A 01 19 BC 00 00 03 00 00 00 00 00 00 00 00 00 00 00 00 00 00 00 00 00 06 9C 00 00 06 00 00 D9 0F 75 D6 66 43 A7 
[13:43:49.725] F8 F8 B0 F0 08 00 00 00 00 34 00 14 02 07 0D 2B 32 00 00 81 07 2D 03 01 90 06 39 8A 01 19 BC 00 00 03 00 00 00 00 00 00 00 00 00 00 00 00 00 00 00 00 00 06 9C 00 00 06 00 00 DD 43 75 D6 66 EC 49 
[13:43:50.241] F8 F8 B0 F0 08 00 00 00 00 34 00 14 02 07 0D 2B 33 00 00 81 07 2D 03 01 90 06 39 8A 01 19 BC 00 00 03 00 00 00 00 00 00 00 00 00 00 00 00 00 00 00 00 00 06 9C 00 00 06 00 00 E1 75 75 D6 66 BB 08 
[13:43:50.725] F8 F8 B0 F0 08 00 00 00 00 34 00 14 02 07 0D 2B 33 00 00 81 07 2D 03 01 90 06 39 8A 01 19 BC 00 00 03 00 00 00 00 00 00 00 00 00 00 00 00 00 00 00 00 00 06 9C 00 00 06 00 00 E5 A7 75 D6 66 D6 C4 
[13:43:51.222] F8 F8 B0 F0 08 00 00 00 00 34 00 14 02 07 0D 2B 34 00 00 81 07 2D 03 01 90 06 39 8A 01 19 BC 00 00 03 00 00 00 00 00 00 00 00 00 00 00 00 00 00 00 00 00 06 9C 00 00 06 00 00 E9 D9 75 D6 66 3E EE 
[13:43:51.721] F8 F8 B0 F0 08 00 00 00 00 34 00 14 02 07 0D 2B 34 00 00 81 07 2D 03 01 90 06 39 8A 01 19 BC 00 00 03 00 00 00 00 00 00 00 00 00 00 00 00 00 00 00 00 00 06 9C 00 00 06 00 00 ED 0B 76 D6 66 03 7B 
[13:43:52.222] F8 F8 B0 F0 08 00 00 00 00 34 00 14 02 07 0D 2B 35 00 00 81 07 2D 03 01 90 06 39 8A 01 19 BC 00 00 03 00 00 00 00 00 00 00 00 00 00 00 00 00 00 00 00 00 06 9C 00 00 06 00 00 01 3D 76 D6 66 B6 0D 
[13:43:52.721] F8 F8 B0 F0 08 00 00 00 00 34 00 14 02 07 0D 2B 35 00 00 81 07 2D 03 01 90 06 39 8A 01 19 BC 00 00 03 00 00 00 00 00 00 00 00 00 00 00 00 00 00 00 00 00 06 9C 00 00 06 00 00 05 6F 76 D6 66 E3 1C 
[13:43:53.222] F8 F8 B0 F0 08 00 00 00 00 34 00 14 02 07 0D 2B 36 00 00 81 07 2D 03 01 90 06 39 8A 01 19 BC 00 00 03 00 00 00 00 00 00 00 00 00 00 00 00 00 00 00 00 00 06 9C 00 00 06 00 00 09 A1 76 D6 66 31 C0 
[13:43:53.722] F8 F8 B0 F0 08 00 00 00 00 34 00 14 02 07 0D 2B 36 00 00 81 07 2D 03 01 90 06 39 8A 01 19 BC 00 00 03 00 00 00 00 00 00 00 00 00 00 00 00 00 00 00 00 00 06 9C 00 00 06 00 00 0D D3 76 D6 66 2A E6 
[13:43:54.223] F8 F8 B0 F0 08 00 00 00 00 34 00 14 02 07 0D 2B 36 00 00 81 07 2D 03 01 90 06 39 8A 01 19 BC 00 00 03 00 00 00 00 00 00 00 00 00 00 00 00 00 00 00 00 00 06 9C 00 00 06 00 00 11 05 77 D6 66 F1 D1 
[13:43:54.721] F8 F8 B0 F0 08 00 00 00 00 34 00 14 02 07 0D 2B 36 00 00 81 07 2D 03 01 90 06 39 8A 01 19 BC 00 00 03 00 00 00 00 00 00 00 00 00 00 00 00 00 00 00 00 00 06 9C 00 00 06 00 00 15 37 77 D6 66 76 99 
[13:43:55.222] F8 F8 B0 F0 08 00 00 00 00 34 00 14 02 07 0D 2B 37 00 00 81 07 2D 03 01 90 06 39 8A 01 19 BC 00 00 03 00 00 00 00 00 00 00 00 00 00 00 00 00 00 00 00 00 06 9C 00 00 06 00 00 19 69 77 D6 66 DE 08 
[13:43:55.722] F8 F8 B0 F0 08 00 00 00 00 34 00 14 02 07 0D 2B 37 00 00 81 07 2D 03 01 90 06 39 8A 01 19 BC 00 00 03 00 00 00 00 00 00 00 00 00 00 00 00 00 00 00 00 00 06 9C 00 00 06 00 00 1D 9B 77 D6 66 FD F3 
[13:43:56.225] F8 F8 B0 F0 08 00 00 00 00 34 00 14 02 07 0D 2B 38 00 00 81 07 2D 03 01 90 06 39 8A 01 19 BC 00 00 03 00 00 00 00 00 00 00 00 00 00 00 00 00 00 00 00 00 06 9C 00 00 06 00 00 21 CD 77 D6 66 A0 68 
[13:43:56.725] F8 F8 B0 F0 08 00 00 00 00 34 00 14 02 07 0D 2B 39 00 00 81 07 2D 03 01 90 06 39 8A 01 19 BC 00 00 03 00 00 00 00 00 00 00 00 00 00 00 00 00 00 00 00 00 06 9C 00 00 06 00 00 25 FF 77 D6 66 C5 ED 
[13:43:57.222] F8 F8 B0 F0 08 00 00 00 00 34 00 14 02 07 0D 2B 39 00 00 81 07 2D 03 01 90 06 39 8A 01 19 BC 00 00 03 00 00 00 00 00 00 00 00 00 00 00 00 00 00 00 00 00 06 9C 00 00 06 00 00 29 31 78 D6 66 21 5B 
[13:43:57.723] F8 F8 B0 F0 08 00 00 00 00 34 00 14 02 07 0D 2B 3A 00 00 81 07 2D 03 01 90 06 39 8A 01 19 BC 00 00 03 00 00 00 00 00 00 00 00 00 00 00 00 00 00 00 00 00 06 9C 00 00 06 00 00 2D 63 78 D6 66 73 0C 
[13:43:58.222] F8 F8 B0 F0 08 00 00 00 00 34 00 14 02 07 0D 2B 3A 00 00 81 07 2D 03 01 90 06 39 8A 01 19 BC 00 00 03 00 00 00 00 00 00 00 00 00 00 00 00 00 00 00 00 00 06 9C 00 00 06 00 00 31 95 78 D6 66 D6 3B 
[13:43:58.722] F8 F8 B0 F0 08 00 00 00 00 34 00 14 02 07 0D 2B 3B 00 00 81 07 2D 03 01 90 06 39 8A 01 19 BC 00 00 03 00 00 00 00 00 00 00 00 00 00 00 00 00 00 00 00 00 06 9C 00 00 06 00 00 35 C7 78 D6 66 61 E7 
[13:43:59.223] F8 F8 B0 F0 08 00 00 00 00 34 00 14 02 07 0D 2B 3B 00 00 81 07 2D 03 01 90 06 39 8A 01 19 BC 00 00 03 00 00 00 00 00 00 00 00 00 00 00 00 00 00 00 00 00 06 9C 00 00 06 00 00 39 F9 78 D6 66 F9 E2 
[13:43:59.724] F8 F8 B0 F0 08 00 00 00 00 34 00 14 02 07 0D 2C 00 00 00 81 07 2D 03 01 90 06 39 8A 01 19 BC 00 00 03 00 00 00 00 00 00 00 00 00 00 00 00 00 00 00 00 00 06 9C 00 00 06 00 00 3D 2B 79 D6 66 64 C4 
[13:44:00.225] F8 F8 B0 F0 08 00 00 00 00 34 00 14 02 07 0D 2C 00 00 00 81 07 2D 03 01 90 06 39 8A 01 19 BC 00 00 03 00 00 00 00 00 00 00 00 00 00 00 00 00 00 00 00 00 06 9C 00 00 06 00 00 41 5D 79 D6 66 25 37 
[13:44:00.722] F8 F8 B0 F0 08 00 00 00 00 34 00 14 02 07 0D 2C 01 00 00 81 07 2D 03 01 90 06 39 8A 01 19 BC 00 00 03 00 00 00 00 00 00 00 00 00 00 00 00 00 00 00 00 00 06 9C 00 00 06 00 00 45 8F 79 D6 66 AA 36 
[13:44:01.239] F8 F8 B0 F0 08 00 00 00 00 34 00 14 02 07 0D 2C 01 00 00 81 07 2D 03 01 90 06 39 8A 01 19 BC 00 00 03 00 00 00 00 00 00 00 00 00 00 00 00 00 00 00 00 00 06 9C 00 00 06 00 00 49 C3 79 D6 66 2F 9C 

[13:44:02.245] F8 F8 B0 F0 08 00 00 00 00 34 00 14 02 07 0D 2C 03 00 00 81 07 2D 03 01 90 06 39 8A 01 19 BC 00 00 03 00 00 00 00 00 00 00 00 00 00 00 00 00 00 00 00 00 06 9C 00 00 06 00 00 51 27 7A D6 66 F6 06 
[13:44:02.743] F8 F8 B0 F0 08 00 00 00 00 34 00 14 02 07 0D 2C 03 00 00 81 07 2D 03 01 90 06 39 8A 01 19 BC 00 00 03 00 00 00 00 00 00 00 00 00 00 00 00 00 00 00 00 00 06 9C 00 00 06 00 00 55 59 7A D6 66 DF 6F 
[13:44:03.242] F8 F8 B0 F0 08 00 00 00 00 34 00 14 02 07 0D 2C 04 00 00 81 07 2D 03 01 90 06 39 8A 01 19 BC 00 00 03 00 00 00 00 00 00 00 00 00 00 00 00 00 00 00 00 00 06 9C 00 00 06 00 00 59 8B 7A D6 66 73 E0 
[13:44:03.743] F8 F8 B0 F0 08 00 00 00 00 34 00 14 02 07 0D 2C 04 00 00 81 07 2D 03 01 90 06 39 8A 01 19 BC 00 00 03 00 00 00 00 00 00 00 00 00 00 00 00 00 00 00 00 00 06 9C 00 00 06 00 00 5D BD 7A D6 66 05 62 
[13:44:04.245] F8 F8 B0 F0 08 00 00 00 00 34 00 14 02 07 0D 2C 05 00 00 81 07 2D 03 01 90 06 39 8A 01 19 BC 00 00 03 00 00 00 00 00 00 00 00 00 00 00 00 00 00 00 00 00 06 9C 00 00 06 00 00 61 EF 7A D6 66 71 B0 
[13:44:04.744] F8 F8 B0 F0 08 00 00 00 00 34 00 14 02 07 0D 2C 05 00 00 81 07 2D 03 01 90 06 39 8A 01 19 BC 00 00 03 00 00 00 00 00 00 00 00 00 00 00 00 00 00 00 00 00 06 9C 00 00 06 00 00 65 21 7B D6 66 B9 1F 
[13:44:05.244] F8 F8 B0 F0 08 00 00 00 00 34 00 14 02 07 0D 2C 05 00 00 81 07 2D 03 01 90 06 39 8A 01 19 BC 00 00 03 00 00 00 00 00 00 00 00 00 00 00 00 00 00 00 00 00 06 9C 00 00 06 00 00 69 53 7B D6 66 8F 3B 
[13:44:05.744] F8 F8 B0 F0 08 00 00 00 00 34 00 14 02 07 0D 2C 05 00 00 81 07 2D 03 01 90 06 39 8A 01 19 BC 00 00 03 00 00 00 00 00 00 00 00 00 00 00 00 00 00 00 00 00 06 9C 00 00 06 00 00 6D 85 7B D6 66 13 3D 
[13:44:06.241] F8 F8 B0 F0 08 00 00 00 00 34 00 14 02 07 0D 2C 06 00 00 81 07 2D 03 01 90 06 39 8A 01 19 BC 00 00 03 00 00 00 00 00 00 00 00 00 00 00 00 00 00 00 00 00 06 9C 00 00 06 00 00 71 B6 7B D6 66 50 43 
[13:44:06.741] F8 F8 B0 F0 08 00 00 00 00 34 00 14 02 07 0D 2C 06 00 00 81 07 2D 03 01 90 06 39 8A 01 19 BC 00 00 03 00 00 00 00 00 00 00 00 00 00 00 00 00 00 00 00 00 06 9C 00 00 06 00 00 75 E9 7B D6 66 83 6B 
[13:44:07.244] F8 F8 B0 F0 08 00 00 00 00 34 00 14 02 07 0D 2C 07 00 00 81 07 2D 03 01 90 06 39 8A 01 19 BC 00 00 03 00 00 00 00 00 00 00 00 00 00 00 00 00 00 00 00 00 06 9C 00 00 06 00 00 79 1B 7C D6 66 FF DA 
[13:44:07.744] F8 F8 B0 F0 08 00 00 00 00 34 00 14 02 07 0D 2C 08 00 00 81 07 2D 03 01 90 06 39 8A 01 19 BC 00 00 03 00 00 00 00 00 00 00 00 00 00 00 00 00 00 00 00 00 06 9C 00 00 06 00 00 7D 4D 7C D6 66 61 4F 
[13:44:08.245] F8 F8 B0 F0 08 00 00 00 00 34 00 14 02 07 0D 2C 08 00 00 81 07 2D 03 01 90 06 39 8A 01 19 BC 00 00 03 00 00 00 00 00 00 00 00 00 00 00 00 00 00 00 00 00 06 9C 00 00 06 00 00 81 7F 7C D6 66 9D 3A 
[13:44:08.743] F8 F8 B0 F0 08 00 00 00 00 34 00 14 02 07 0D 2C 09 00 00 81 07 2D 03 01 90 06 39 8A 01 19 BC 00 00 03 00 00 00 00 00 00 00 00 00 00 00 00 00 00 00 00 00 06 9C 00 00 06 00 00 85 B1 7C D6 66 87 6F 
[13:44:09.244] F8 F8 B0 F0 08 00 00 00 00 34 00 14 02 07 0D 2C 09 00 00 81 07 2D 03 01 90 06 39 8A 01 19 BC 00 00 03 00 00 00 00 00 00 00 00 00 00 00 00 00 00 00 00 00 06 9C 00 00 06 00 00 89 E3 7C D6 66 FF 7C 
[13:44:09.745] F8 F8 B0 F0 08 00 00 00 00 34 00 14 02 07 0D 2C 0A 00 00 81 07 2D 03 01 90 06 39 8A 01 19 BC 00 00 03 00 00 00 00 00 00 00 00 00 00 00 00 00 00 00 00 00 06 9C 00 00 06 00 00 8D 15 7D D6 66 1A 3C 
[13:44:10.246] F8 F8 B0 F0 08 00 00 00 00 34 00 14 02 07 0D 2C 0A 00 00 81 07 2D 03 01 90 06 39 8A 01 19 BC 00 00 03 00 00 00 00 00 00 00 00 00 00 00 00 00 00 00 00 00 06 9C 00 00 06 00 00 91 47 7D D6 66 38 2B 
[13:44:10.743] F8 F8 B0 F0 08 00 00 00 00 34 00 14 02 07 0D 2C 0B 00 00 81 07 2D 03 01 90 06 39 8A 01 19 BC 00 00 03 00 00 00 00 00 00 00 00 00 00 00 00 00 00 00 00 00 06 9C 00 00 06 00 00 95 78 7D D6 66 DB 97 
[13:44:11.242] F8 F8 B0 F0 08 00 00 00 00 34 00 14 02 07 0D 2C 0B 00 00 81 07 2D 03 01 90 06 39 8A 01 19 BC 00 00 03 00 00 00 00 00 00 00 00 00 00 00 00 00 00 00 00 00 06 9C 00 00 06 00 00 99 AB 7D D6 66 2F 2F 
[13:44:11.746] F8 F8 B0 F0 08 00 00 00 00 34 00 14 02 07 0D 2C 0C 00 00 81 07 2D 03 01 90 06 39 8A 01 19 BC 00 00 03 00 00 00 00 00 00 00 00 00 00 00 00 00 00 00 00 00 06 9C 00 00 06 00 00 9D DD 7D D6 66 29 82 
[13:44:12.244] F8 F8 B0 F0 08 00 00 00 00 34 00 14 02 07 0D 2C 0C 00 00 81 07 2D 03 01 90 06 39 8A 01 19 BC 00 00 03 00 00 00 00 00 00 00 00 00 00 00 00 00 00 00 00 00 06 9C 00 00 06 00 00 A1 0F 7E D6 66 D7 19 
[13:44:12.766] F8 F8 B0 F0 08 00 00 00 00 34 00 14 02 07 0D 2C 0D 00 00 81 07 2D 03 01 90 06 39 8A 01 19 BC 00 00 03 00 00 00 00 00 00 00 00 00 00 00 00 00 00 00 00 00 06 9C 00 00 06 00 00 A5 43 7E D6 66 9D 7C 
[13:44:13.279] F8 F8 B0 F0 08 00 00 00 00 34 00 14 02 07 0D 2C 0E 00 00 81 07 2D 03 01 90 06 39 8A 01 19 BC 00 00 03 00 00 00 00 00 00 00 00 00 00 00 00 00 00 00 00 00 06 9C 00 00 06 00 00 A9 76 7E D6 66 1D 21 
[13:44:13.764] F8 F8 B0 F0 08 00 00 00 00 34 00 14 02 07 0D 2C 0E 00 00 81 07 2D 03 01 90 06 39 8A 01 19 BC 00 00 03 00 00 00 00 00 00 00 00 00 00 00 00 00 00 00 00 00 06 9C 00 00 06 00 00 AD A7 7E D6 66 AC 76 
[13:44:14.262] F8 F8 B0 F0 08 00 00 00 00 34 00 14 02 07 0D 2C 0F 00 00 81 07 2D 03 01 90 06 39 8A 01 19 BC 00 00 03 00 00 00 00 00 00 00 00 00 00 00 00 00 00 00 00 00 06 9C 00 00 06 00 00 B1 D8 7E D6 66 A4 A2 
[13:44:14.763] F8 F8 B0 F0 08 00 00 00 00 34 00 14 02 07 0D 2C 0F 00 00 81 07 2D 03 01 90 06 39 8A 01 19 BC 00 00 03 00 00 00 00 00 00 00 00 00 00 00 00 00 00 00 00 00 06 9C 00 00 06 00 00 B5 0B 7F D6 66 4D 2F 
[13:44:15.265] F8 F8 B0 F0 08 00 00 00 00 34 00 14 02 07 0D 2C 10 00 00 81 07 2D 03 01 90 06 39 8A 01 19 BC 00 00 03 00 00 00 00 00 00 00 00 00 00 00 00 00 00 00 00 00 06 9C 00 00 06 00 00 B9 3D 7F D6 66 80 FE 
[13:44:15.766] F8 F8 B0 F0 08 00 00 00 00 34 00 14 02 07 0D 2C 10 00 00 81 07 2D 03 01 90 06 39 8A 01 19 BC 00 00 03 00 00 00 00 00 00 00 00 00 00 00 00 00 00 00 00 00 06 9C 00 00 06 00 00 BD 6E 7F D6 66 61 99 
[13:44:16.265] F8 F8 B0 F0 08 00 00 00 00 34 00 14 02 07 0D 2C 11 00 00 81 07 2D 03 01 90 06 39 8A 01 19 BC 00 00 03 00 00 00 00 00 00 00 00 00 00 00 00 00 00 00 00 00 06 9C 00 00 06 00 00 C1 A0 7F D6 66 D0 D3 
[13:44:16.765] F8 F8 B0 F0 08 00 00 00 00 34 00 14 02 07 0D 2C 11 00 00 81 07 2D 03 01 90 06 39 8A 01 19 BC 00 00 03 00 00 00 00 00 00 00 00 00 00 00 00 00 00 00 00 00 06 9C 00 00 06 00 00 C5 D2 7F D6 66 CB F5 
[13:44:17.265] F8 F8 B0 F0 08 00 00 00 00 34 00 14 02 07 0D 2C 11 00 00 81 07 2D 03 01 90 06 39 8A 01 19 BC 00 00 03 00 00 00 00 00 00 00 00 00 00 00 00 00 00 00 00 00 06 9C 00 00 06 00 00 C9 04 80 D6 66 19 3E 
[13:44:17.763] F8 F8 B0 F0 08 00 00 00 00 34 00 14 02 07 0D 2C 11 00 00 81 07 2D 03 01 90 06 39 8A 01 19 BC 00 00 03 00 00 00 00 00 00 00 00 00 00 00 00 00 00 00 00 00 06 9C 00 00 06 00 00 CD 36 80 D6 66 9E 76 
[13:44:18.262] F8 F8 B0 F0 08 00 00 00 00 34 00 14 02 07 0D 2C 12 00 00 81 07 2D 03 01 90 06 39 8A 01 19 BC 00 00 03 00 00 00 00 00 00 00 00 00 00 00 00 00 00 00 00 00 06 9C 00 00 06 00 00 D1 68 80 D6 66 89 68 
[13:44:18.762] F8 F8 B0 F0 08 00 00 00 00 34 00 14 02 07 0D 2C 12 00 00 81 07 2D 03 01 90 06 39 8A 01 19 BC 00 00 03 00 00 00 00 00 00 00 00 00 00 00 00 00 00 00 00 00 06 9C 00 00 06 00 00 D5 9A 80 D6 66 AA 93 
[13:44:19.264] F8 F8 B0 F0 08 00 00 00 00 34 00 14 02 07 0D 2C 13 00 00 81 07 2D 03 01 90 06 39 8A 01 19 BC 00 00 03 00 00 00 00 00 00 00 00 00 00 00 00 00 00 00 00 00 06 9C 00 00 06 00 00 D9 CC 80 D6 66 C1 87 

[13:44:20.261] F8 F8 B0 F0 08 00 00 00 00 34 00 14 02 07 0D 2C 14 00 00 81 07 2D 03 01 90 06 39 8A 01 19 BC 00 00 03 00 00 00 00 00 00 00 00 00 00 00 00 00 00 00 00 00 06 9C 00 00 06 00 00 E1 30 81 D6 66 A1 2F 
[13:44:20.765] F8 F8 B0 F0 08 00 00 00 00 34 00 14 02 07 0D 2C 15 00 00 81 07 2D 03 01 90 06 39 8A 01 19 BC 00 00 03 00 00 00 00 00 00 00 00 00 00 00 00 00 00 00 00 00 06 9C 00 00 06 00 00 E5 62 81 D6 66 16 F3 
[13:44:21.265] F8 F8 B0 F0 08 00 00 00 00 34 00 14 02 07 0D 2C 15 00 00 81 07 2D 03 01 90 06 39 8A 01 19 BC 00 00 03 00 00 00 00 00 00 00 00 00 00 00 00 00 00 00 00 00 06 9C 00 00 06 00 00 E9 94 81 D6 66 E9 C0 
[13:44:21.765] F8 F8 B0 F0 08 00 00 00 00 34 00 14 02 07 0D 2C 16 00 00 81 07 2D 03 01 90 06 39 8A 01 19 BC 00 00 03 00 00 00 00 00 00 00 00 00 00 00 00 00 00 00 00 00 06 9C 00 00 06 00 00 ED C6 81 D6 66 BB 97 
[13:44:22.264] F8 F8 B0 F0 08 00 00 00 00 34 00 14 02 07 0D 2C 16 00 00 81 07 2D 03 01 90 06 39 8A 01 19 BC 00 00 03 00 00 00 00 00 00 00 00 00 00 00 00 00 00 00 00 00 06 9C 00 00 06 00 00 01 F8 81 D6 66 2F A9 
[13:44:22.761] F8 F8 B0 F0 08 00 00 00 00 34 00 14 02 07 0D 2C 17 00 00 81 07 2D 03 01 90 06 39 8A 01 19 BC 00 00 03 00 00 00 00 00 00 00 00 00 00 00 00 00 00 00 00 00 06 9C 00 00 06 00 00 05 2A 82 D6 66 F0 F1 
[13:44:23.262] F8 F8 B0 F0 08 00 00 00 00 34 00 14 02 07 0D 2C 17 00 00 81 07 2D 03 01 90 06 39 8A 01 19 BC 00 00 03 00 00 00 00 00 00 00 00 00 00 00 00 00 00 00 00 00 06 9C 00 00 06 00 00 09 5C 82 D6 66 37 1F 
[13:44:23.763] F8 F8 B0 F0 08 00 00 00 00 34 00 14 02 07 0D 2C 18 00 00 81 07 2D 03 01 90 06 39 8A 01 19 BC 00 00 03 00 00 00 00 00 00 00 00 00 00 00 00 00 00 00 00 00 06 9C 00 00 06 00 00 0D 8E 82 D6 66 60 9D 
[13:44:24.282] F8 F8 B0 F0 08 00 00 00 00 34 00 14 02 07 0D 2C 18 00 00 81 07 2D 03 01 90 06 39 8A 01 19 BC 00 00 03 00 00 00 00 00 00 00 00 00 00 00 00 00 00 00 00 00 06 9C 00 00 06 00 00 11 C2 82 D6 66 BF 33 
[13:44:24.786] F8 F8 B0 F0 08 00 00 00 00 34 00 14 02 07 0D 2C 19 00 00 81 07 2D 03 01 90 06 39 8A 01 19 BC 00 00 03 00 00 00 00 00 00 00 00 00 00 00 00 00 00 00 00 00 06 9C 00 00 06 00 00 15 F4 82 D6 66 2B 7C 
[13:44:25.285] F8 F8 B0 F0 08 00 00 00 00 34 00 14 02 07 0D 2C 1A 00 00 81 07 2D 03 01 90 06 39 8A 01 19 BC 00 00 03 00 00 00 00 00 00 00 00 00 00 00 00 00 00 00 00 00 06 9C 00 00 06 00 00 19 26 83 D6 66 5C C3 
[13:44:25.785] F8 F8 B0 F0 08 00 00 00 00 34 00 14 02 07 0D 2C 1A 00 00 81 07 2D 03 01 90 06 39 8A 01 19 BC 00 00 03 00 00 00 00 00 00 00 00 00 00 00 00 00 00 00 00 00 06 9C 00 00 06 00 00 1D 58 83 D6 66 75 AA 
[13:44:26.281] F8 F8 B0 F0 08 00 00 00 00 34 00 14 02 07 0D 2C 1B 00 00 81 07 2D 03 01 90 06 39 8A 01 19 BC 00 00 03 00 00 00 00 00 00 00 00 00 00 00 00 00 00 00 00 00 06 9C 00 00 06 00 00 21 8A 83 D6 66 39 A5 
[13:44:26.781] F8 F8 B0 F0 08 00 00 00 00 34 00 14 02 07 0D 2C 1B 00 00 81 07 2D 03 01 90 06 39 8A 01 19 BC 00 00 03 00 00 00 00 00 00 00 00 00 00 00 00 00 00 00 00 00 06 9C 00 00 06 00 00 25 BC 83 D6 66 4F 27 
[13:44:27.282] F8 F8 B0 F0 08 00 00 00 00 34 00 14 02 07 0D 2C 1C 00 00 81 07 2D 03 01 90 06 39 8A 01 19 BC 00 00 03 00 00 00 00 00 00 00 00 00 00 00 00 00 00 00 00 00 06 9C 00 00 06 00 00 29 EE 83 D6 66 DB 75 
[13:44:27.781] F8 F8 B0 F0 08 00 00 00 00 34 00 14 02 07 0D 2C 1C 00 00 81 07 2D 03 01 90 06 39 8A 01 19 BC 00 00 03 00 00 00 00 00 00 00 00 00 00 00 00 00 00 00 00 00 06 9C 00 00 06 00 00 2D 20 84 D6 66 B3 68 
[13:44:28.282] F8 F8 B0 F0 08 00 00 00 00 34 00 14 02 07 0D 2C 1D 00 00 81 07 2D 03 01 90 06 39 8A 01 19 BC 00 00 03 00 00 00 00 00 00 00 00 00 00 00 00 00 00 00 00 00 06 9C 00 00 06 00 00 31 52 84 D6 66 3D 85 
[13:44:28.785] F8 F8 B0 F0 08 00 00 00 00 34 00 14 02 07 0D 2C 1D 00 00 81 07 2D 03 01 90 06 39 8A 01 19 BC 00 00 03 00 00 00 00 00 00 00 00 00 00 00 00 00 00 00 00 00 06 9C 00 00 06 00 00 35 84 84 D6 66 A1 83 
[13:44:29.285] F8 F8 B0 F0 08 00 00 00 00 34 00 14 02 07 0D 2C 1D 00 00 81 07 2D 03 01 90 06 39 8A 01 19 BC 00 00 03 00 00 00 00 00 00 00 00 00 00 00 00 00 00 00 00 00 06 9C 00 00 06 00 00 39 B6 84 D6 66 0B C9 