																16		8	9 10 11 12 13 14 15				31 32 33 34 35 36 37 38 39 40
[13:49:19.745] F8 F8 B0 F0 08 00 00 00 00 34 00 14 02 07 0D 31 13 00 00 81 27 24 00 01 9D 06 39 8A 01 19 BC 8A 13 B2 04 1B 03 E8 03 18 03 00 00 00 00 00 00 00 00 00 00 06 04 00 00 06 00 00 9D 62 9D D4 66 31 93 
[13:49:20.245] F8 F8 B0 F0 08 00 00 00 00 34 00 14 02 07 0D 31 14 00 00 81 27 24 00 01 9D 06 39 8A 01 19 BC 8A 13 B2 04 1C 03 E8 03 18 03 00 00 00 00 00 00 00 00 00 00 06 04 00 00 06 00 00 A1 94 9D D4 66 20 12 
[13:49:20.773] F8 F8 B0 F0 08 00 00 00 00 34 00 14 02 07 0D 31 15 00 00 81 27 24 03 01 9D 06 39 8A 01 19 BC 8A 13 B2 04 1C 03 E8 03 1D 03 00 00 00 00 00 00 00 00 00 00 06 04 00 00 06 00 00 A5 C9 9D D4 66 77 28 
[13:49:21.248] F8 F8 B0 F0 08 00 00 00 00 34 00 14 02 07 0D 31 15 00 00 81 27 24 03 01 9D 06 39 8A 01 19 BC 8A 13 B2 04 1B 03 E8 03 1D 03 00 00 00 00 00 00 00 00 00 00 06 04 00 00 06 00 00 A9 F8 9D D4 66 ED 06 
[13:49:21.748] F8 F8 B0 F0 08 00 00 00 00 34 00 14 02 07 0D 31 16 00 00 81 27 24 03 01 9D 06 39 8A 01 19 BC 8A 13 B2 04 1C 03 E8 03 18 03 00 00 00 00 00 00 00 00 00 00 06 04 00 00 06 00 00 AD 2A 9E D4 66 34 C1 
[13:49:22.249] F8 F8 B0 F0 08 00 00 00 00 34 00 14 02 07 0D 31 16 00 00 81 27 24 03 01 9D 06 39 8A 01 19 BC 8A 13 B2 04 1C 03 E8 03 18 03 00 00 00 00 00 00 00 00 00 00 06 04 00 00 06 00 00 B1 5C 9E D4 66 A9 2B 
[13:49:22.749] F8 F8 B0 F0 08 00 00 00 00 34 00 14 02 07 0D 31 17 00 00 81 27 24 03 01 9D 06 39 8A 01 19 BC 8A 13 B2 04 1B 03 E8 03 23 03 00 00 00 00 00 00 00 00 00 00 06 04 00 00 06 00 00 B5 8E 9E D4 66 03 E4 
[13:49:23.249] F8 F8 B0 F0 08 00 00 00 00 34 00 14 02 07 0D 31 17 00 00 81 27 24 03 01 9D 06 39 8A 01 19 BC 8A 13 B2 04 1B 03 E8 03 23 03 00 00 00 00 00 00 00 00 00 00 06 04 00 00 06 00 00 B9 C0 9E D4 66 EE A3 
[13:49:23.749] F8 F8 B0 F0 08 00 00 00 00 34 00 14 02 07 0D 31 18 00 00 81 27 24 03 01 9D 06 39 8A 01 19 BC 8A 13 B2 04 1B 03 E8 03 0E 03 00 00 00 00 00 00 00 00 00 00 06 04 00 00 06 00 00 BD F2 9E D4 66 C3 66 
[13:49:24.249] F8 F8 B0 F0 08 00 00 00 00 34 00 14 02 07 0D 31 18 00 00 81 27 24 03 01 9D 06 39 8A 01 19 BC 8A 13 B2 04 1B 03 E8 03 0E 03 00 00 00 00 00 00 00 00 00 00 06 04 00 00 06 00 00 C1 24 9F D4 66 C4 48 
[13:49:24.765] F8 F8 B0 F0 08 00 00 00 00 34 00 14 02 07 0D 31 19 00 00 81 27 24 03 01 9D 06 39 8A 01 19 BC 8A 13 B2 04 1B 03 E8 03 1F 03 00 00 00 00 00 00 00 00 00 00 06 04 00 00 06 00 00 C5 58 9F D4 66 37 76 

[13:50:19.848] F8 F8 B0 F0 08 00 00 00 00 34 00 14 02 07 0D 32 14 00 00 81 07 24 03 01 9C 06 39 8A 01 19 BC 88 13 A6 04 78 02 E8 03 1F 03 00 00 00 00 00 00 00 00 00 00 06 00 00 00 06 00 00 9E DB B4 D4 66 03 BB

[13:49:25.267] F8 F8 B0 F0 08 00 00 00 00 34 00 14 02 07 0D 31 19 00 00 81 27 24 03 01 9D 06 39 8A 01 19 BC 8A 13 B2 04 1B 03 E8 03 1F 03 00 00 00 00 00 00 00 00 00 00 06 03 00 00 06 00 00 C9 8A 9F D4 66 CA 91 
[13:49:25.769] F8 F8 B0 F0 08 00 00 00 00 34 00 14 02 07 0D 31 1A 00 00 81 27 24 03 01 9D 06 39 8A 01 19 BC 8A 13 B2 04 1B 03 E8 03 1B 03 00 00 00 00 00 00 00 00 00 00 06 04 00 00 06 00 00 CD BC 9F D4 66 0A A0 
[13:49:26.293] F8 F8 B0 F0 08 00 00 00 00 34 00 14 02 07 0D 31 1B 00 00 81 27 24 03 01 9D 06 39 8A 01 19 BC 8A 13 B2 04 1C 03 E8 03 1B 03 00 00 00 00 00 00 00 00 00 00 06 04 00 00 06 00 00 D1 EE 9F D4 66 26 85 
[13:49:26.770] F8 F8 B0 F0 08 00 00 00 00 34 00 14 02 07 0D 31 1B 00 00 81 27 24 03 01 9D 06 39 8A 01 19 BC 8A 13 B2 04 1C 03 E8 03 18 03 00 00 00 00 00 00 00 00 00 00 06 04 00 00 06 00 00 D5 20 A0 D4 66 4F AD 
[13:49:27.271] F8 F8 B0 F0 08 00 00 00 00 34 00 14 02 07 0D 31 1C 00 00 81 27 24 03 01 9D 06 39 8A 01 19 BC 8A 13 B2 04 1B 03 E8 03 18 03 00 00 00 00 00 00 00 00 00 00 06 04 00 00 06 00 00 D9 52 A0 D4 66 79 37 
[13:49:27.768] F8 F8 B0 F0 08 00 00 00 00 34 00 14 02 07 0D 31 1C 00 00 81 27 24 03 01 9D 06 39 8A 01 19 BC 8A 13 B2 04 1B 03 E8 03 30 03 00 00 00 00 00 00 00 00 00 00 06 04 00 00 06 00 00 DD 84 A0 D4 66 7A 19 
[13:49:28.269] F8 F8 B0 F0 08 00 00 00 00 34 00 14 02 07 0D 31 1D 00 00 81 27 24 03 01 9D 06 39 8A 01 19 BC 8A 13 B2 04 1B 03 E8 03 30 03 00 00 00 00 00 00 00 00 00 00 06 04 00 00 06 00 00 E1 B6 A0 D4 66 DC 92 
[13:49:28.769] F8 F8 B0 F0 08 00 00 00 00 34 00 14 02 07 0D 31 1D 00 00 81 27 24 03 01 9D 06 39 8A 01 19 BC 8A 13 B2 04 1B 03 E8 03 20 03 00 00 00 00 00 00 00 00 00 00 06 04 00 00 06 00 00 E5 E8 A0 D4 66 E8 8C 
[13:49:29.269] F8 F8 B0 F0 08 00 00 00 00 34 00 14 02 07 0D 31 1E 00 00 81 27 24 03 01 9D 06 39 8A 01 19 BC 8A 13 B2 04 1B 03 E8 03 20 03 00 00 00 00 00 00 00 00 00 00 06 04 00 00 06 00 00 E9 1A A1 D4 66 D1 04 
[13:49:29.768] F8 F8 B0 F0 08 00 00 00 00 34 00 14 02 07 0D 31 1E 00 00 81 27 24 03 01 9D 06 39 8A 01 19 BC 8B 13 B2 04 1B 03 E8 03 1A 03 00 00 00 00 00 00 00 00 00 00 06 04 00 00 06 00 00 ED 4C A1 D4 66 F9 80 
[13:49:30.264] F8 F8 B0 F0 08 00 00 00 00 34 00 14 02 07 0D 31 1E 00 00 81 27 24 03 01 9D 06 39 8A 01 19 BC 8A 13 B2 04 1A 03 E8 03 1A 03 00 00 00 00 00 00 00 00 00 00 06 04 00 00 06 00 00 01 7E A1 D4 66 8D 8C 
[13:49:30.764] F8 F8 B0 F0 08 00 00 00 00 34 00 14 02 07 0D 31 1E 00 00 81 27 24 03 01 9D 06 39 8A 01 19 BC 8A 13 B2 04 19 03 E8 03 2A 03 00 00 00 00 00 00 00 00 00 00 06 04 00 00 06 00 00 05 B0 A1 D4 66 3C B9 
[13:49:31.266] F8 F8 B0 F0 08 00 00 00 00 34 00 14 02 07 0D 31 1F 00 00 81 27 24 03 01 9D 06 39 8A 01 19 BC 8A 13 B2 04 19 03 E8 03 2A 03 00 00 00 00 00 00 00 00 00 00 06 04 00 00 06 00 00 09 E2 A1 D4 66 A6 67 
[13:49:31.785] F8 F8 B0 F0 08 00 00 00 00 34 00 14 02 07 0D 31 20 00 00 81 27 24 03 01 9D 06 39 8A 01 19 BC 8B 13 B2 04 19 03 E8 03 18 03 00 00 00 00 00 00 00 00 00 00 06 04 00 00 06 00 00 0D 14 A2 D4 66 5F 96 
[13:49:32.269] F8 F8 B0 F0 08 00 00 00 00 34 00 14 02 07 0D 31 20 00 00 81 27 24 03 01 9D 06 39 8A 01 19 BC 8A 13 B2 04 19 03 E8 03 18 03 00 00 00 00 00 00 00 00 00 00 06 04 00 00 06 00 00 11 46 A2 D4 66 3B D8 
[13:49:32.766] F8 F8 B0 F0 08 00 00 00 00 34 00 14 02 07 0D 31 21 00 00 81 27 24 03 01 9D 06 39 8A 01 19 BC 8A 13 B2 04 19 03 E8 03 1A 03 00 00 00 00 00 00 00 00 00 00 06 04 00 00 06 00 00 15 78 A2 D4 66 6A 7C 
[13:49:33.264] F8 F8 B0 F0 08 00 00 00 00 34 00 14 02 07 0D 31 21 00 00 81 27 24 03 01 9D 06 39 8A 01 19 BC 8A 13 B2 04 19 03 E8 03 1A 03 00 00 00 00 00 00 00 00 00 00 06 03 00 00 06 00 00 19 AA A2 D4 66 97 9B 
[13:49:33.764] F8 F8 B0 F0 08 00 00 00 00 34 00 14 02 07 0D 31 22 00 00 81 27 24 03 01 9D 06 39 8A 01 19 BC 8A 13 B2 04 19 03 E8 03 1C 03 00 00 00 00 00 00 00 00 00 00 06 04 00 00 06 00 00 1D DC A2 D4 66 CD AA 
[13:49:34.266] F8 F8 B0 F0 08 00 00 00 00 34 00 14 02 07 0D 31 22 00 00 81 27 24 03 01 9D 06 39 8A 01 19 BC 8A 13 B2 04 19 03 E8 03 1C 03 00 00 00 00 00 00 00 00 00 00 06 04 00 00 06 00 00 21 0E A3 D4 66 53 5F 
[13:49:34.769] F8 F8 B0 F0 08 00 00 00 00 34 00 14 02 07 0D 31 23 00 00 81 27 24 03 01 9D 06 39 8A 01 19 BC 8A 13 B2 04 19 03 E8 03 23 03 00 00 00 00 00 00 00 00 00 00 06 04 00 00 06 00 00 25 40 A3 D4 66 B4 3A 
[13:49:35.267] F8 F8 B0 F0 08 00 00 00 00 34 00 14 02 07 0D 31 23 00 00 81 27 24 03 01 9D 06 39 8A 01 19 BC 8A 13 B2 04 19 03 E8 03 23 03 00 00 00 00 00 00 00 00 00 00 06 04 00 00 06 00 00 29 72 A3 D4 66 1E 70 
[13:49:35.766] F8 F8 B0 F0 08 00 00 00 00 34 00 14 02 07 0D 31 24 00 00 81 27 24 03 01 9D 06 39 8A 01 19 BC 8A 13 B2 04 19 03 E8 03 1A 03 00 00 00 00 00 00 00 00 00 00 06 04 00 00 06 00 00 2D A4 A3 D4 66 A1 68 
[13:49:36.289] F8 F8 B0 F0 08 00 00 00 00 34 00 14 02 07 0D 31 24 00 00 81 27 24 03 01 9D 06 39 8A 01 19 BC 8A 13 B2 04 19 03 E8 03 17 03 00 00 00 00 00 00 00 00 00 00 06 03 00 00 06 00 00 31 D8 A3 D4 66 1C 80 
[13:49:36.786] F8 F8 B0 F0 08 00 00 00 00 34 00 14 02 07 0D 31 25 00 00 81 27 24 03 01 9D 06 39 8A 01 19 BC 8A 13 B2 04 1A 03 E8 03 17 03 00 00 00 00 00 00 00 00 00 00 06 04 00 00 06 00 00 35 0A A4 D4 66 02 40 
[13:49:37.286] F8 F8 B0 F0 08 00 00 00 00 34 00 14 02 07 0D 31 26 00 00 81 27 24 03 01 9D 06 39 8A 01 19 BC 8A 13 B2 04 1A 03 E8 03 37 03 00 00 00 00 00 00 00 00 00 00 06 04 00 00 06 00 00 39 3C A4 D4 66 F8 06 
[13:49:37.789] F8 F8 B0 F0 08 00 00 00 00 34 00 14 02 07 0D 31 26 00 00 81 27 24 03 01 9D 06 39 8A 01 19 BC 8A 13 B2 04 19 03 E8 03 37 03 00 00 00 00 00 00 00 00 00 00 06 04 00 00 06 00 00 3D 6E A4 D4 66 11 7A 
[13:49:38.289] F8 F8 B0 F0 08 00 00 00 00 34 00 14 02 07 0D 31 27 00 00 81 27 24 03 01 9D 06 39 8A 01 19 BC 8A 13 B2 04 19 03 E8 03 1E 03 00 00 00 00 00 00 00 00 00 00 06 04 00 00 06 00 00 41 A0 A4 D4 66 3C 2F 
[13:49:38.786] F8 F8 B0 F0 08 00 00 00 00 34 00 14 02 07 0D 31 27 00 00 81 27 24 03 01 9D 06 39 8A 01 19 BC 8A 13 B2 04 19 03 E8 03 1E 03 00 00 00 00 00 00 00 00 00 00 06 04 00 00 06 00 00 45 D1 A4 D4 66 FB 92 
[13:49:39.286] F8 F8 B0 F0 08 00 00 00 00 34 00 14 02 07 0D 31 28 00 00 81 27 24 03 01 9D 06 39 8A 01 19 BC 8A 13 B2 04 19 03 E8 03 1E 03 00 00 00 00 00 00 00 00 00 00 06 04 00 00 06 00 00 49 04 A5 D4 66 9C 74 
[13:49:39.785] F8 F8 B0 F0 08 00 00 00 00 34 00 14 02 07 0D 31 28 00 00 81 27 24 03 01 9D 06 39 8A 01 19 BC 8A 13 B2 04 18 03 E8 03 10 03 00 00 00 00 00 00 00 00 00 00 06 04 00 00 06 00 00 4D 36 A5 D4 66 BC 02 
[13:49:40.285] F8 F8 B0 F0 08 00 00 00 00 34 00 14 02 07 0D 31 29 00 00 81 27 24 03 01 9D 06 39 8A 01 19 BC 8A 13 B2 04 19 03 E8 03 10 03 00 00 00 00 00 00 00 00 00 00 06 04 00 00 06 00 00 51 68 A5 D4 66 DA B3 
[13:49:40.787] F8 F8 B0 F0 08 00 00 00 00 34 00 14 02 07 0D 31 29 00 00 81 27 24 03 01 9D 06 39 8A 01 19 BC 8A 13 B2 04 19 03 E8 03 1B 03 00 00 00 00 00 00 00 00 00 00 06 04 00 00 06 00 00 55 9A A5 D4 66 C5 B9 
[13:49:41.286] F8 F8 B0 F0 08 00 00 00 00 34 00 14 02 07 0D 31 29 00 00 81 27 24 03 01 9D 06 39 8A 01 19 BC 8A 13 B2 04 18 03 E8 03 1B 03 00 00 00 00 00 00 00 00 00 00 06 04 00 00 06 00 00 59 CC A5 D4 66 D8 44 
[13:49:41.788] F8 F8 B0 F0 08 00 00 00 00 34 00 14 02 07 0D 31 29 00 00 81 27 24 03 01 9D 06 39 8A 01 19 BC 8A 13 B2 04 19 03 E8 03 29 03 00 00 00 00 00 00 00 00 00 00 06 04 00 00 06 00 00 5D FE A5 D4 66 38 86 
[13:49:42.286] F8 F8 B0 F0 08 00 00 00 00 34 00 14 02 07 0D 31 2A 00 00 81 27 24 03 01 9D 06 39 8A 01 19 BC 8A 13 B2 04 19 03 E8 03 29 03 00 00 00 00 00 00 00 00 00 00 06 04 00 00 06 00 00 61 30 A6 D4 66 54 0F 
[13:49:42.808] F8 F8 B0 F0 08 00 00 00 00 34 00 14 02 07 0D 31 2B 00 00 81 27 24 03 01 9D 06 39 8A 01 19 BC 8A 13 B2 04 19 03 E8 03 25 03 00 00 00 00 00 00 00 00 00 00 06 03 00 00 06 00 00 65 62 A6 D4 66 6B 8E 
[13:49:43.286] F8 F8 B0 F0 08 00 00 00 00 34 00 14 02 07 0D 31 2B 00 00 81 27 24 03 01 9D 06 39 8A 01 19 BC 8A 13 B2 04 19 03 E8 03 25 03 00 00 00 00 00 00 00 00 00 00 06 04 00 00 06 00 00 69 94 A6 D4 66 29 94 
[13:49:43.786] F8 F8 B0 F0 08 00 00 00 00 34 00 14 02 07 0D 31 2C 00 00 81 27 24 03 01 9D 06 39 8A 01 19 BC 8A 13 B2 04 19 03 E8 03 17 03 00 00 00 00 00 00 00 00 00 00 06 04 00 00 06 00 00 6D C6 A6 D4 66 63 6A 
[13:49:44.285] F8 F8 B0 F0 08 00 00 00 00 34 00 14 02 07 0D 31 2C 00 00 81 27 24 03 01 9D 06 39 8A 01 19 BC 8B 13 B2 04 19 03 E8 03 17 03 00 00 00 00 00 00 00 00 00 00 06 04 00 00 06 00 00 71 F8 A6 D4 66 E7 32 
[13:49:44.786] F8 F8 B0 F0 08 00 00 00 00 34 00 14 02 07 0D 31 2D 00 00 81 27 24 03 01 9D 06 39 8A 01 19 BC 8B 13 B2 04 19 03 E8 03 0E 03 00 00 00 00 00 00 00 00 00 00 06 04 00 00 06 00 00 75 2A A7 D4 66 31 DB 
[13:49:45.288] F8 F8 B0 F0 08 00 00 00 00 34 00 14 02 07 0D 31 2D 00 00 81 27 24 03 01 9D 06 39 8A 01 19 BC 8B 13 B2 04 19 03 E8 03 0E 03 00 00 00 00 00 00 00 00 00 00 06 03 00 00 06 00 00 79 5C A7 D4 66 4B 1C 
[13:49:45.787] F8 F8 B0 F0 08 00 00 00 00 34 00 14 02 07 0D 31 2E 00 00 81 27 24 03 01 9D 06 39 8A 01 19 BC 8B 13 B2 04 19 03 E8 03 26 03 00 00 00 00 00 00 00 00 00 00 06 04 00 00 06 00 00 7D 8E A7 D4 66 03 97 
[13:49:46.286] F8 F8 B0 F0 08 00 00 00 00 34 00 14 02 07 0D 31 2E 00 00 81 27 24 03 01 9D 06 39 8A 01 19 BC 8B 13 B2 04 19 03 E8 03 26 03 00 00 00 00 00 00 00 00 00 00 06 04 00 00 06 00 00 81 C0 A7 D4 66 B8 EF 
[13:49:46.786] F8 F8 B0 F0 08 00 00 00 00 34 00 14 02 07 0D 31 2F 00 00 81 27 24 03 01 9D 06 39 8A 01 19 BC 8B 13 B2 04 19 03 E8 03 23 03 00 00 00 00 00 00 00 00 00 00 06 04 00 00 06 00 00 85 F1 A7 D4 66 0E 1A 
[13:49:47.286] F8 F8 B0 F0 08 00 00 00 00 34 00 14 02 07 0D 31 2F 00 00 81 27 24 03 01 9D 06 39 8A 01 19 BC 8B 13 B2 04 18 03 E8 03 23 03 00 00 00 00 00 00 00 00 00 00 06 04 00 00 06 00 00 89 24 A8 D4 66 C6 8D 
[13:49:47.805] F8 F8 B0 F0 08 00 00 00 00 34 00 14 02 07 0D 31 30 00 00 81 27 24 03 01 9D 06 39 8A 01 19 BC 8B 13 B2 04 18 03 E8 03 18 03 00 00 00 00 00 00 00 00 00 00 06 04 00 00 06 00 00 8D 57 A8 D4 66 36 BD 
[13:49:48.305] F8 F8 B0 F0 08 00 00 00 00 34 00 14 02 07 0D 31 30 00 00 81 27 24 03 01 9D 06 39 8A 01 19 BC 8B 13 B2 04 18 03 E8 03 18 03 00 00 00 00 00 00 00 00 00 00 06 04 00 00 06 00 00 91 8A A8 D4 66 C2 A3 
[13:49:48.808] F8 F8 B0 F0 08 00 00 00 00 34 00 14 02 07 0D 31 31 00 00 81 27 24 03 01 9D 06 39 8A 01 19 BC 8B 13 B2 04 17 03 E8 03 2A 03 00 00 00 00 00 00 00 00 00 00 06 04 00 00 06 00 00 95 BC A8 D4 66 C8 89 
[13:49:49.308] F8 F8 B0 F0 08 00 00 00 00 34 00 14 02 07 0D 31 32 00 00 81 27 24 03 01 9D 06 39 8A 01 19 BC 8B 13 B2 04 17 03 E8 03 2A 03 00 00 00 00 00 00 00 00 00 00 06 04 00 00 06 00 00 99 EE A8 D4 66 B7 DC 
[13:49:49.809] F8 F8 B0 F0 08 00 00 00 00 34 00 14 02 07 0D 31 32 00 00 81 27 24 03 01 9D 06 39 8A 01 19 BC 8A 13 B2 04 18 03 E8 03 1B 03 00 00 00 00 00 00 00 00 00 00 06 04 00 00 06 00 00 9D 20 A9 D4 66 A2 16 
[13:49:50.309] F8 F8 B0 F0 08 00 00 00 00 34 00 14 02 07 0D 31 33 00 00 81 27 24 03 01 9D 06 39 8A 01 19 BC 8B 13 B2 04 18 03 E8 03 1B 03 00 00 00 00 00 00 00 00 00 00 06 04 00 00 06 00 00 A1 52 A9 D4 66 DE AA 
[13:49:50.809] F8 F8 B0 F0 08 00 00 00 00 34 00 14 02 07 0D 31 33 00 00 81 27 24 03 01 9D 06 39 8A 01 19 BC 8B 13 B2 04 18 03 E8 03 31 03 00 00 00 00 00 00 00 00 00 00 06 04 00 00 06 00 00 A5 84 A9 D4 66 DB EA 
[13:49:51.309] F8 F8 B0 F0 08 00 00 00 00 34 00 14 02 07 0D 31 34 00 00 81 27 24 03 01 9D 06 39 8A 01 19 BC 8B 13 B2 04 18 03 E8 03 31 03 00 00 00 00 00 00 00 00 00 00 06 04 00 00 06 00 00 A9 B6 A9 D4 66 9D E1 
[13:49:51.809] F8 F8 B0 F0 08 00 00 00 00 34 00 14 02 07 0D 31 34 00 00 81 27 24 03 01 9D 06 39 8A 01 19 BC 8B 13 B2 04 17 03 E8 03 1A 03 00 00 00 00 00 00 00 00 00 00 06 04 00 00 06 00 00 AD E8 A9 D4 66 0D 05 
[13:49:52.310] F8 F8 B0 F0 08 00 00 00 00 34 00 14 02 07 0D 31 35 00 00 81 27 24 03 01 9D 06 39 8A 01 19 BC 8B 13 B2 04 17 03 E8 03 1A 03 00 00 00 00 00 00 00 00 00 00 06 04 00 00 06 00 00 B1 1A AA D4 66 EB 6C 
[13:49:52.809] F8 F8 B0 F0 08 00 00 00 00 34 00 14 02 07 0D 31 35 00 00 81 27 24 03 01 9D 06 39 8A 01 19 BC 8B 13 B2 04 17 03 E8 03 15 03 00 00 00 00 00 00 00 00 00 00 06 03 00 00 06 00 00 B5 4C AA D4 66 C2 B3 
[13:49:53.309] F8 F8 B0 F0 08 00 00 00 00 34 00 14 02 07 0D 31 35 00 00 81 27 24 03 01 9D 06 39 8A 01 19 BC 8B 13 B2 04 17 03 E8 03 15 03 00 00 00 00 00 00 00 00 00 00 06 04 00 00 06 00 00 B9 7E AA D4 66 D5 D0 
[13:49:53.809] F8 F8 B0 F0 08 00 00 00 00 34 00 14 02 07 0D 31 35 00 00 81 27 24 03 01 9D 06 39 8A 01 19 BC 8B 13 B2 04 18 03 E8 03 21 03 00 00 00 00 00 00 00 00 00 00 06 04 00 00 06 00 00 BD B0 AA D4 66 B9 9F 
[13:49:54.309] F8 F8 B0 F0 08 00 00 00 00 34 00 14 02 07 0D 31 36 00 00 81 27 24 03 01 9D 06 39 8A 01 19 BC 8B 13 B2 04 18 03 E8 03 21 03 00 00 00 00 00 00 00 00 00 00 06 04 00 00 06 00 00 C1 E2 AA D4 66 40 D7 
[13:49:54.810] F8 F8 B0 F0 08 00 00 00 00 34 00 14 02 07 0D 31 37 00 00 81 27 24 03 01 9D 06 39 8A 01 19 BC 8B 13 B2 04 17 03 E8 03 2D 03 00 00 00 00 00 00 00 00 00 00 06 03 00 00 06 00 00 C5 14 AB D4 66 A5 8A 
[13:49:55.309] F8 F8 B0 F0 08 00 00 00 00 34 00 14 02 07 0D 31 37 00 00 81 27 24 03 01 9D 06 39 8A 01 19 BC 8B 13 B2 04 18 03 E8 03 2D 03 00 00 00 00 00 00 00 00 00 00 06 04 00 00 06 00 00 C9 46 AB D4 66 0D 7B 
[13:49:55.810] F8 F8 B0 F0 08 00 00 00 00 34 00 14 02 07 0D 31 38 00 00 81 27 24 03 01 9D 06 39 8A 01 19 BC 8A 13 B2 04 17 03 E8 03 17 03 00 00 00 00 00 00 00 00 00 00 06 04 00 00 06 00 00 CD 78 AB D4 66 63 A6 
[13:49:56.309] F8 F8 B0 F0 08 00 00 00 00 34 00 14 02 07 0D 31 38 00 00 81 27 24 03 01 9D 06 39 8A 01 19 BC 8A 13 B2 04 17 03 E8 03 17 03 00 00 00 00 00 00 00 00 00 00 06 04 00 00 06 00 00 D1 AA AB D4 66 79 6C 
[13:49:56.806] F8 F8 B0 F0 08 00 00 00 00 34 00 14 02 07 0D 31 39 00 00 81 27 24 03 01 9D 06 39 8A 01 19 BC 8A 13 B2 04 16 03 E8 03 19 03 00 00 00 00 00 00 00 00 00 00 06 04 00 00 06 00 00 D5 DB AB D4 66 FB 22 
[13:49:57.307] F8 F8 B0 F0 08 00 00 00 00 34 00 14 02 07 0D 31 39 00 00 81 27 24 03 01 9D 06 39 8A 01 19 BC 8A 13 B2 04 17 03 E8 03 19 03 00 00 00 00 00 00 00 00 00 00 06 04 00 00 06 00 00 D9 0E AC D4 66 92 1C 
[13:49:57.809] F8 F8 B0 F0 08 00 00 00 00 34 00 14 02 07 0D 31 3A 00 00 81 27 24 03 01 9D 06 39 8A 01 19 BC 8A 13 B2 04 18 03 E8 03 21 03 00 00 00 00 00 00 00 00 00 00 06 03 00 00 06 00 00 DD 40 AC D4 66 49 95 
[13:49:58.310] F8 F8 B0 F0 08 00 00 00 00 34 00 14 02 07 0D 31 3A 00 00 81 27 24 03 01 9D 06 39 8A 01 19 BC 8A 13 B2 04 19 03 E8 03 21 03 00 00 00 00 00 00 00 00 00 00 06 04 00 00 06 00 00 E1 72 AC D4 66 24 DE 
[13:49:58.807] F8 F8 B0 F0 08 00 00 00 00 34 00 14 02 07 0D 31 3B 00 00 81 27 24 03 01 9D 06 39 8A 01 19 BC 8A 13 B2 04 18 03 E8 03 34 03 00 00 00 00 00 00 00 00 00 00 06 04 00 00 06 00 00 E5 A3 AC D4 66 BF CB 
[13:49:59.330] F8 F8 B0 F0 08 00 00 00 00 34 00 14 02 07 0D 31 3B 00 00 81 27 24 03 01 9D 06 39 8A 01 19 BC 8A 13 B2 04 19 03 E8 03 06 03 00 00 00 00 00 00 00 00 00 00 06 04 00 00 06 00 00 EA D8 AC D4 66 4B 78 
[13:49:59.830] F8 F8 B0 F0 08 00 00 00 00 34 00 14 02 07 0D 32 00 00 00 81 27 24 03 01 9D 06 39 8A 01 19 BC 8A 13 B2 04 19 03 E8 03 06 03 00 00 00 00 00 00 00 00 00 00 06 04 00 00 06 00 00 EE 0A AD D4 66 31 C5 
[13:50:00.329] F8 F8 B0 F0 08 00 00 00 00 34 00 14 02 07 0D 32 01 00 00 81 27 24 03 01 9D 06 39 8A 01 19 BC 8A 13 B2 04 19 03 E8 03 2A 03 00 00 00 00 00 00 00 00 00 00 06 04 00 00 06 00 00 01 3B AD D4 66 E8 F8 
[13:50:00.830] F8 F8 B0 F0 08 00 00 00 00 34 00 14 02 07 0D 32 01 00 00 81 27 24 03 01 9D 06 39 8A 01 19 BC 8A 13 B2 04 19 03 E8 03 2A 03 00 00 00 00 00 00 00 00 00 00 06 04 00 00 06 00 00 05 6D AD D4 66 4C 23 
[13:50:01.327] F8 F8 B0 F0 08 00 00 00 00 34 00 14 02 07 0D 32 02 00 00 81 27 24 03 01 9D 06 39 8A 01 19 BC 8B 13 B2 04 19 03 E8 03 29 03 00 00 00 00 00 00 00 00 00 00 06 04 00 00 06 00 00 09 9F AD D4 66 06 9C 
[13:50:01.828] F8 F8 B0 F0 08 00 00 00 00 34 00 14 02 07 0D 32 02 00 00 81 27 24 03 01 9D 06 39 8A 01 19 BC 8B 13 B2 04 19 03 E8 03 29 03 00 00 00 00 00 00 00 00 00 00 06 04 00 00 06 00 00 0D D1 AD D4 66 C6 D9 
[13:50:02.326] F8 F8 B0 F0 08 00 00 00 00 34 00 14 02 07 0D 32 03 00 00 81 27 24 03 01 9D 06 39 8A 01 19 BC 8B 13 B2 04 19 03 E8 03 10 03 00 00 00 00 00 00 00 00 00 00 06 04 00 00 06 00 00 11 03 AE D4 66 A1 D8 
[13:50:02.826] F8 F8 B0 F0 08 00 00 00 00 34 00 14 02 07 0D 32 03 00 00 81 27 24 03 01 9D 06 39 8A 01 19 BC 8B 13 B2 04 19 03 E8 03 10 03 00 00 00 00 00 00 00 00 00 00 06 04 00 00 06 00 00 15 35 AE D4 66 D7 5A 
[13:50:03.326] F8 F8 B0 F0 08 00 00 00 00 34 00 14 02 07 0D 32 04 00 00 81 27 24 03 01 9D 06 39 8A 01 19 BC 8B 13 B2 04 19 03 E8 03 10 03 00 00 00 00 00 00 00 00 00 00 06 04 00 00 06 00 00 19 67 AE D4 66 43 08 
[13:50:03.826] F8 F8 B0 F0 08 00 00 00 00 34 00 14 02 07 0D 32 04 00 00 81 27 24 03 01 9D 06 39 8A 01 19 BC 8B 13 B2 04 18 03 E8 03 20 03 00 00 00 00 00 00 00 00 00 00 06 04 00 00 06 00 00 1D 99 AE D4 66 33 58 
[13:50:04.326] F8 F8 B0 F0 08 00 00 00 00 34 00 14 02 07 0D 32 04 00 00 81 27 24 03 01 9D 06 39 8A 01 19 BC 8B 13 B2 04 18 03 E8 03 20 03 00 00 00 00 00 00 00 00 00 00 06 03 00 00 06 00 00 21 CB AE D4 66 18 6E 
[13:50:04.827] F8 F8 B0 F0 08 00 00 00 00 34 00 14 02 07 0D 32 04 00 00 81 27 24 03 01 9C 06 39 8A 01 19 BC 8A 13 B2 04 17 03 E8 03 21 03 00 00 00 00 00 00 00 00 00 00 06 01 00 00 06 00 00 25 FD AE D4 66 5F CF 
[13:50:05.327] F8 F8 B0 F0 08 00 00 00 00 34 00 14 02 07 0D 32 05 00 00 81 27 24 03 01 9C 06 39 8A 01 19 BC 8A 13 B1 04 15 03 E8 03 21 03 00 00 00 00 00 00 00 00 00 00 06 02 00 00 06 00 00 29 2F AF D4 66 3E D1 
[13:50:05.827] F8 F8 B0 F0 08 00 00 00 00 34 00 14 02 07 0D 32 06 00 00 81 27 24 03 01 9C 06 39 8A 01 19 BC 89 13 AF 04 14 03 E8 03 15 03 00 00 00 00 00 00 00 00 00 00 06 02 00 00 06 00 00 2D 61 AF D4 66 14 EE 
[13:50:06.328] F8 F8 B0 F0 08 00 00 00 00 34 00 14 02 07 0D 32 06 00 00 81 27 24 03 01 9C 06 39 8A 01 19 BC 89 13 AE 04 12 03 E8 03 15 03 00 00 00 00 00 00 00 00 00 00 06 01 00 00 06 00 00 31 93 AF D4 66 DD B9 
[13:50:06.827] F8 F8 B0 F0 08 00 00 00 00 34 00 14 02 07 0D 32 07 00 00 81 27 24 03 01 9C 06 39 8A 01 19 BC 89 13 AE 04 12 03 E8 03 15 03 00 00 00 00 00 00 00 00 00 00 06 01 00 00 06 00 00 35 C5 AF D4 66 9B AF 
[13:50:07.326] F8 F8 B0 F0 08 00 00 00 00 34 00 14 02 07 0D 32 07 00 00 81 07 24 03 01 9C 06 39 8A 01 19 BC 8A 13 AC 04 9C 02 E8 03 1E 03 00 00 00 00 00 00 00 00 00 00 06 FF 00 00 06 00 00 39 F7 AF D4 66 BA 8E 
[13:50:07.827] F8 F8 B0 F0 08 00 00 00 00 34 00 14 02 07 0D 32 08 00 00 81 07 24 03 01 9C 06 39 8A 01 19 BC 8A 13 AA 04 92 02 E8 03 1E 03 00 00 00 00 00 00 00 00 00 00 06 FF 00 00 06 00 00 3D 29 B0 D4 66 36 F5 
[13:50:08.327] F8 F8 B0 F0 08 00 00 00 00 34 00 14 02 07 0D 32 08 00 00 81 07 24 03 01 9C 06 39 8A 01 19 BC 89 13 A9 04 8C 02 E8 03 1A 03 00 00 00 00 00 00 00 00 00 00 06 FF 00 00 06 00 00 41 5B B0 D4 66 9A 66 

[13:50:09.327] F8 F8 B0 F0 08 00 00 00 00 34 00 14 02 07 0D 32 09 00 00 81 07 24 03 01 9C 06 39 8A 01 19 BC 88 13 A7 04 83 02 E8 03 1E 03 00 00 00 00 00 00 00 00 00 00 06 FF 00 00 06 00 00 49 BF B0 D4 66 D3 D7 
[13:50:09.827] F8 F8 B0 F0 08 00 00 00 00 34 00 14 02 07 0D 32 0A 00 00 81 07 24 03 01 9C 06 39 8A 01 19 BC 88 13 A6 04 7F 02 E8 03 1E 03 00 00 00 00 00 00 00 00 00 00 06 00 00 00 06 00 00 4D F1 B0 D4 66 8D B5 
[13:50:10.330] F8 F8 B0 F0 08 00 00 00 00 34 00 14 02 07 0D 32 0A 00 00 81 07 24 03 01 9C 06 39 8A 01 19 BC 88 13 A6 04 7C 02 E8 03 20 03 00 00 00 00 00 00 00 00 00 00 06 FF 00 00 06 00 00 51 23 B1 D4 66 D6 46 
[13:50:10.847] F8 F8 B0 F0 08 00 00 00 00 34 00 14 02 07 0D 32 0B 00 00 81 07 24 03 01 9C 06 39 8A 01 19 BC 88 13 A6 04 76 02 E8 03 20 03 00 00 00 00 00 00 00 00 00 00 06 FF 00 00 06 00 00 56 57 B1 D4 66 CD 19 
[13:50:11.376] F8 F8 B0 F0 08 00 00 00 00 34 00 14 02 07 0D 32 0C 00 00 81 07 24 03 01 9C 06 39 8A 01 19 BC 88 13 A6 04 76 02 E8 03 1D 03 00 00 00 00 00 00 00 00 00 00 06 FF 00 00 06 00 00 5A 8C B1 D4 66 D5 E6 
[13:50:11.844] F8 F8 B0 F0 08 00 00 00 00 34 00 14 02 07 0D 32 0C 00 00 81 07 24 03 01 9C 06 39 8A 01 19 BC 88 13 A6 04 76 02 E8 03 1D 03 00 00 00 00 00 00 00 00 00 00 06 FF 00 00 06 00 00 5E BB B1 D4 66 17 12 
[13:50:12.345] F8 F8 B0 F0 08 00 00 00 00 34 00 14 02 07 0D 32 0D 00 00 81 07 24 03 01 9C 06 39 8A 01 19 BC 88 13 A6 04 76 02 E8 03 37 03 00 00 00 00 00 00 00 00 00 00 06 FF 00 00 06 00 00 62 ED B1 D4 66 0B 4C 
[13:50:12.845] F8 F8 B0 F0 08 00 00 00 00 34 00 14 02 07 0D 32 0D 00 00 81 07 24 03 01 9C 06 39 8A 01 19 BC 88 13 A6 04 76 02 E8 03 37 03 00 00 00 00 00 00 00 00 00 00 06 FF 00 00 06 00 00 66 1F B2 D4 66 78 EE 
[13:50:13.346] F8 F8 B0 F0 08 00 00 00 00 34 00 14 02 07 0D 32 0E 00 00 81 07 24 03 01 9C 06 39 8A 01 19 BC 89 13 A6 04 76 02 E8 03 1C 03 00 00 00 00 00 00 00 00 00 00 06 FF 00 00 06 00 00 6A 51 B2 D4 66 4E C7 
[13:50:13.849] F8 F8 B0 F0 08 00 00 00 00 34 00 14 02 07 0D 32 0E 00 00 81 07 24 03 01 9C 06 39 8A 01 19 BC 89 13 A6 04 77 02 E8 03 1C 03 00 00 00 00 00 00 00 00 00 00 06 00 00 00 06 00 00 6E 83 B2 D4 66 BC 96 
[13:50:14.349] F8 F8 B0 F0 08 00 00 00 00 34 00 14 02 07 0D 32 0F 00 00 81 07 24 03 01 9C 06 39 8A 01 19 BC 89 13 A6 04 78 02 E8 03 1C 03 00 00 00 00 00 00 00 00 00 00 06 00 00 00 06 00 00 72 B5 B2 D4 66 32 14 
[13:50:14.849] F8 F8 B0 F0 08 00 00 00 00 34 00 14 02 07 0D 32 0F 00 00 81 07 24 03 01 9C 06 39 8A 01 19 BC 89 13 A6 04 78 02 E8 03 20 03 00 00 00 00 00 00 00 00 00 00 06 FF 00 00 06 00 00 76 E7 B2 D4 66 AC 08 
[13:50:15.349] F8 F8 B0 F0 08 00 00 00 00 34 00 14 02 07 0D 32 10 00 00 81 07 24 03 01 9C 06 39 8A 01 19 BC 89 13 A6 04 78 02 E8 03 20 03 00 00 00 00 00 00 00 00 00 00 06 FF 00 00 06 00 00 7A 19 B3 D4 66 36 D8 
[13:50:15.850] F8 F8 B0 F0 08 00 00 00 00 34 00 14 02 07 0D 32 10 00 00 81 07 24 03 01 9C 06 39 8A 01 19 BC 89 13 A6 04 78 02 E8 03 11 03 00 00 00 00 00 00 00 00 00 00 06 FF 00 00 06 00 00 7E 4B B3 D4 66 95 3E 
[13:50:16.349] F8 F8 B0 F0 08 00 00 00 00 34 00 14 02 07 0D 32 10 00 00 81 07 24 03 01 9C 06 39 8A 01 19 BC 89 13 A6 04 78 02 E8 03 11 03 00 00 00 00 00 00 00 00 00 00 06 00 00 00 06 00 00 82 7D B3 D4 66 93 38 
[13:50:16.848] F8 F8 B0 F0 08 00 00 00 00 34 00 14 02 07 0D 32 10 00 00 81 07 24 03 01 9C 06 39 8A 01 19 BC 89 13 A6 04 78 02 E8 03 23 03 00 00 00 00 00 00 00 00 00 00 06 00 00 00 06 00 00 86 AF B3 D4 66 0D 5A 
[13:50:17.348] F8 F8 B0 F0 08 00 00 00 00 34 00 14 02 07 0D 32 11 00 00 81 07 24 03 01 9C 06 39 8A 01 19 BC 89 13 A6 04 78 02 E8 03 23 03 00 00 00 00 00 00 00 00 00 00 06 00 00 00 06 00 00 8A E1 B3 D4 66 02 D0 
[13:50:17.849] F8 F8 B0 F0 08 00 00 00 00 34 00 14 02 07 0D 32 12 00 00 81 07 24 03 01 9C 06 39 8A 01 19 BC 89 13 A6 04 78 02 E8 03 1A 03 00 00 00 00 00 00 00 00 00 00 06 FF 00 00 06 00 00 8E 13 B4 D4 66 72 0E 
[13:50:18.350] F8 F8 B0 F0 08 00 00 00 00 34 00 14 02 07 0D 32 12 00 00 81 07 24 03 01 9C 06 39 8A 01 19 BC 89 13 A6 04 78 02 E8 03 1A 03 00 00 00 00 00 00 00 00 00 00 06 FF 00 00 06 00 00 92 45 B4 D4 66 A1 D3 
[13:50:18.849] F8 F8 B0 F0 08 00 00 00 00 34 00 14 02 07 0D 32 13 00 00 81 07 24 03 01 9C 06 39 8A 01 19 BC 88 13 A6 04 78 02 E8 03 23 03 00 00 00 00 00 00 00 00 00 00 06 FF 00 00 06 00 00 96 77 B4 D4 66 4D 50 
[13:50:19.347] F8 F8 B0 F0 08 00 00 00 00 34 00 14 02 07 0D 32 13 00 00 81 07 24 03 01 9C 06 39 8A 01 19 BC 88 13 A6 04 78 02 E8 03 23 03 00 00 00 00 00 00 00 00 00 00 06 FF 00 00 06 00 00 9A A9 B4 D4 66 3F D1 
[13:50:19.848] F8 F8 B0 F0 08 00 00 00 00 34 00 14 02 07 0D 32 14 00 00 81 07 24 03 01 9C 06 39 8A 01 19 BC 88 13 A6 04 78 02 E8 03 1F 03 00 00 00 00 00 00 00 00 00 00 06 00 00 00 06 00 00 9E DB B4 D4 66 03 BB 