																16		8	9 10 11 12 13 14 15				31 32 33 34 35 36 37 38 39 40
h9 bypass all TX1 main Tx2 off
[13:55:00.351] F8 F8 B0 F0 08 00 00 00 00 34 00 14 02 07 0D 37 01 00 00 81 27 2C 03 01 97 06 39 8A 01 19 BC 89 13 B2 04 15 03 E8 03 1F 03 00 00 00 00 00 00 00 00 00 00 06 04 00 00 06 00 00 01 66 22 D5 66 93 B9 
h8 bypass all TX1 main tx2 load																
[13:52:47.108] F8 F8 B0 F0 08 00 00 00 00 34 00 14 02 07 0D 34 2F 00 00 81 27 24 03 01 9F 06 39 8A 01 19 BC 8A 13 B2 04 17 03 E8 03 32 03 00 00 00 00 00 00 00 00 00 00 06 03 00 00 06 00 00 87 5E EE D4 66 29 37 
[13:52:47.609] F8 F8 B0 F0 08 00 00 00 00 34 00 14 02 07 0D 34 2F 00 00 81 27 24 03 01 9F 06 39 8A 01 19 BC 8A 13 B2 04 16 03 E8 03 32 03 00 00 00 00 00 00 00 00 00 00 06 03 00 00 06 00 00 8C 91 EE D4 66 08 98 
[13:52:48.109] F8 F8 B0 F0 08 00 00 00 00 34 00 14 02 07 0D 34 30 00 00 81 27 24 03 01 9F 06 39 8A 01 19 BC 8A 13 B2 04 17 03 E8 03 1C 03 00 00 00 00 00 00 00 00 00 00 06 03 00 00 06 00 00 8F C2 EE D4 66 AA 77 
[13:52:48.608] F8 F8 B0 F0 08 00 00 00 00 34 00 14 02 07 0D 34 30 00 00 81 27 24 03 01 9F 06 39 8A 01 19 BC 8A 13 B2 04 16 03 E8 03 1C 03 00 00 00 00 00 00 00 00 00 00 06 03 00 00 06 00 00 93 F4 EE D4 66 3F D7 
[13:52:49.109] F8 F8 B0 F0 08 00 00 00 00 34 00 14 02 07 0D 34 31 00 00 81 27 24 03 01 9F 06 39 8A 01 19 BC 8A 13 B2 04 16 03 E8 03 21 03 00 00 00 00 00 00 00 00 00 00 06 04 00 00 06 00 00 98 27 EF D4 66 B3 58 
[13:52:49.611] F8 F8 B0 F0 08 00 00 00 00 34 00 14 02 07 0D 34 32 00 00 81 27 24 03 01 9F 06 39 8A 01 19 BC 8A 13 B2 04 16 03 E8 03 21 03 00 00 00 00 00 00 00 00 00 00 06 03 00 00 06 00 00 9C 59 EF D4 66 20 5E 
[13:52:50.111] F8 F8 B0 F0 08 00 00 00 00 34 00 14 02 07 0D 34 32 00 00 81 27 24 03 01 9F 06 39 8A 01 19 BC 8A 13 B2 04 16 03 E8 03 21 03 00 00 00 00 00 00 00 00 00 00 06 03 00 00 06 00 00 A0 8B EF D4 66 8E 9C 
[13:52:50.609] F8 F8 B0 F0 08 00 00 00 00 34 00 14 02 07 0D 34 33 00 00 81 27 24 03 01 9F 06 39 8A 01 19 BC 8A 13 B2 04 16 03 E8 03 1F 03 00 00 00 00 00 00 00 00 00 00 06 04 00 00 06 00 00 A3 BC EF D4 66 01 31 
[13:52:51.109] F8 F8 B0 F0 08 00 00 00 00 34 00 14 02 07 0D 34 33 00 00 81 27 24 03 01 9F 06 39 8A 01 19 BC 8A 13 B2 04 16 03 E8 03 1F 03 00 00 00 00 00 00 00 00 00 00 06 04 00 00 06 00 00 A8 EF EF D4 66 19 33 
[13:52:51.608] F8 F8 B0 F0 08 00 00 00 00 34 00 14 02 07 0D 34 34 00 00 81 27 24 03 01 9F 06 39 8A 01 19 BC 8A 13 B2 04 16 03 E8 03 21 03 00 00 00 00 00 00 00 00 00 00 06 04 00 00 06 00 00 AB 20 F0 D4 66 F9 4E 
[13:52:52.124] F8 F8 B0 F0 08 00 00 00 00 34 00 14 02 07 0D 34 34 00 00 81 27 24 03 01 9F 06 39 8A 01 19 BC 8A 13 B2 04 16 03 E8 03 21 03 00 00 00 00 00 00 00 00 00 00 06 03 00 00 06 00 00 B0 54 F0 D4 66 65 07 
[13:52:52.629] F8 F8 B0 F0 08 00 00 00 00 34 00 14 02 07 0D 34 35 00 00 81 27 24 03 01 9F 06 39 8A 01 19 BC 8A 13 B2 04 16 03 E8 03 39 03 00 00 00 00 00 00 00 00 00 00 06 03 00 00 06 00 00 B4 86 F0 D4 66 80 EE 
[13:52:53.131] F8 F8 B0 F0 08 00 00 00 00 34 00 14 02 07 0D 34 35 00 00 81 27 24 03 01 9F 06 39 8A 01 19 BC 89 13 B2 04 16 03 E8 03 39 03 00 00 00 00 00 00 00 00 00 00 06 04 00 00 06 00 00 B8 B8 F0 D4 66 6F 29 
[13:52:53.631] F8 F8 B0 F0 08 00 00 00 00 34 00 14 02 07 0D 34 36 00 00 81 27 24 03 01 9F 06 39 8A 01 19 BC 89 13 B2 04 16 03 E8 03 10 03 00 00 00 00 00 00 00 00 00 00 06 04 00 00 06 00 
[13:52:53.700] 00 BC EA F0 D4 66 A1 61 
[13:52:54.130] F8 F8 B0 F0 08 00 00 00 00 34 00 14 02 07 0D 34 36 00 00 81 27 24 03 01 9F 06 39 8A 01 19 BC 89 13 B2 04 17 03 E8 03 10 03 00 00 00 00 00 00 00 00 00 00 06 03 00 00 06 00 00 C0 1C F1 D4 66 C1 75 
[13:52:54.630] F8 F8 B0 F0 08 00 00 00 00 34 00 14 02 07 0D 34 37 00 00 81 27 24 03 01 9F 06 39 8A 01 19 BC 89 13 B2 04 17 03 E8 03 29 03 00 00 00 00 00 00 00 00 00 00 06 03 00 00 06 00 00 C4 4E F1 D4 66 B9 F6 
[13:52:55.131] F8 F8 B0 F0 08 00 00 00 00 34 00 14 02 07 0D 34 37 00 00 81 27 24 03 01 9F 06 39 8A 01 19 BC 89 13 B2 04 17 03 E8 03 29 03 00 00 00 00 00 00 00 00 00 00 06 03 00 00 06 00 
[13:52:55.199] 00 C8 80 F1 D4 66 6C 6C 
[13:52:55.631] F8 F8 B0 F0 08 00 00 00 00 34 00 14 02 07 0D 34 37 00 00 81 27 24 03 01 9F 06 39 8A 01 19 BC 88 13 B2 04 17 03 E8 03 22 03 00 00 00 00 00 00 00 00 00 00 06 03 00 00 06 00 00 CC B2 F1 D4 66 91 8C 
[13:52:56.128] F8 F8 B0 F0 08 00 00 00 00 34 00 14 02 07 0D 34 38 00 00 81 27 24 03 01 9F 06 39 8A 01 19 BC 88 13 B2 04 17 03 E8 03 22 03 00 00 00 00 00 00 00 00 00 00 06 03 00 00 06 00 00 D0 E4 F1 D4 66 78 1F 
[13:52:56.629] F8 F8 B0 F0 08 00 00 00 00 34 00 14 02 07 0D 34 38 00 00 81 27 24 03 01 9F 06 39 8A 01 19 BC 89 13 B2 04 17 03 E8 03 12 03 00 00 00 00 00 00 00 00 00 00 06 03 00 00 06 00 00 D4 16 F2 D4 66 B8 24 
[13:52:57.128] F8 F8 B0 F0 08 00 00 00 00 34 00 14 02 07 0D 34 39 00 00 81 27 24 03 01 9F 06 39 8A 01 19 BC 89 13 B2 04 17 03 E8 03 12 03 00 00 00 00 00 00 00 00 00 00 06 03 00 00 06 00 00 D8 48 F2 D4 66 10 B5 
[13:52:57.629] F8 F8 B0 F0 08 00 00 00 00 34 00 14 02 07 0D 34 39 00 00 81 27 24 03 01 9F 06 39 8A 01 19 BC 89 13 B2 04 17 03 E8 03 12 03 00 00 00 00 00 00 00 00 00 00 06 03 00 00 06 00 00 DC 7A F2 D4 66 97 FD 
[13:52:58.128] F8 F8 B0 F0 08 00 00 00 00 34 00 14 02 07 0D 34 3A 00 00 81 27 24 03 01 9F 06 39 8A 01 19 BC 89 13 B2 04 16 03 E8 03 18 03 00 00 00 00 00 00 00 00 00 00 06 04 00 00 06 00 00 E0 AC F2 D4 66 D9 78 
[13:52:58.627] F8 F8 B0 F0 08 00 00 00 00 34 00 14 02 07 0D 34 3A 00 00 81 27 24 03 01 9F 06 39 8A 01 19 BC 89 13 B2 04 16 03 E8 03 18 03 00 00 00 00 00 00 00 00 00 00 06 03 00 00 06 00 00 E4 DE F2 D4 66 7F 77 
[13:52:59.129] F8 F8 B0 F0 08 00 00 00 00 34 00 14 02 07 0D 34 3B 00 00 81 27 24 03 01 9F 06 39 8A 01 19 BC 89 13 B2 04 16 03 E8 03 22 03 00 00 00 00 00 00 00 00 00 00 06 04 00 00 06 00 00 E8 10 F3 D4 66 0F 38 
[13:52:59.631] F8 F8 B0 F0 08 00 00 00 00 34 00 14 02 07 0D 34 3B 00 00 81 27 24 03 01 9F 06 39 8A 01 19 BC 89 13 B2 04 16 03 E8 03 22 03 00 00 00 00 00 00 00 00 00 00 06 03 00 00 06 00 00 EC 42 F3 D4 66 E7 00 
[13:53:00.129] F8 F8 B0 F0 08 00 00 00 00 34 00 14 02 07 0D 35 00 00 00 81 27 24 03 01 9F 06 39 8A 01 19 BC 89 13 B2 04 16 03 E8 03 12 03 00 00 00 00 00 00 00 00 00 00 06 04 00 00 06 00 00 00 74 F3 D4 66 3C D1 
[13:53:00.653] F8 F8 B0 F0 08 00 00 00 00 34 00 14 02 07 0D 35 01 00 00 81 27 24 03 01 9F 06 39 8A 01 19 BC 89 13 B2 04 16 03 E8 03 12 03 00 00 00 00 00 00 00 00 00 00 06 04 00 00 06 00 00 04 A6 F3 D4 66 B3 D0 
[13:53:01.127] F8 F8 B0 F0 08 00 00 00 00 34 00 14 02 07 0D 35 01 00 00 81 27 24 03 01 9F 06 39 8A 01 19 BC 89 13 B2 04 15 03 E8 03 1E 03 00 00 00 00 00 00 00 00 00 00 06 03 00 00 06 00 00 08 D8 F3 D4 66 83 8B 
[13:53:01.628] F8 F8 B0 F0 08 00 00 00 00 34 00 14 02 07 0D 35 02 00 00 81 27 24 03 01 9F 06 39 8A 01 19 BC 89 13 B2 04 15 03 E8 03 1E 03 00 00 00 00 00 00 00 00 00 00 06 04 00 00 06 00 00 0C 0A F4 D4 66 C4 AD 
[13:53:02.131] F8 F8 B0 F0 08 00 00 00 00 34 00 14 02 07 0D 35 02 00 00 81 27 24 03 01 9F 06 39 8A 01 19 BC 89 13 B2 04 15 03 E8 03 27 03 00 00 00 00 00 00 00 00 00 00 06 03 00 00 06 00 00 10 3C F4 D4 66 B7 5F 
[13:53:02.631] F8 F8 B0 F0 08 00 00 00 00 34 00 14 02 07 0D 35 03 00 00 81 27 24 03 01 9F 06 39 8A 01 19 BC 89 13 B2 04 16 03 E8 03 27 03 00 00 00 00 00 00 00 00 00 00 06 03 00 00 06 00 00 14 6E F4 D4 66 BC EE 
[13:53:03.131] F8 F8 B0 F0 08 00 00 00 00 34 00 14 02 07 0D 35 03 00 00 81 27 24 03 01 9F 06 39 8A 01 19 BC 89 13 B2 04 16 03 E8 03 30 03 00 00 00 00 00 00 00 00 00 00 06 03 00 00 06 00 00 18 A0 F4 D4 66 33 B1 
[13:53:03.647] F8 F8 B0 F0 08 00 00 00 00 34 00 14 02 07 0D 35 04 00 00 81 27 24 03 01 9F 06 39 8A 01 19 BC 89 13 B2 04 16 03 E8 03 30 03 00 00 00 00 00 00 00 00 00 00 06 04 00 00 06 00 00 1C D4 F4 D4 66 E0 D8 
[13:53:04.151] F8 F8 B0 F0 08 00 00 00 00 34 00 14 02 07 0D 35 04 00 00 81 27 24 03 01 9F 06 39 8A 01 19 BC 89 13 B2 04 16 03 E8 03 12 03 00 00 00 00 00 00 00 00 00 00 06 03 00 00 06 00 00 20 06 F5 D4 66 63 EA 
[13:53:04.648] F8 F8 B0 F0 08 00 
[13:53:04.669] 00 00 00 34 00 14 02 07 0D 35 05 00 00 81 27 24 03 01 9F 06 39 8A 01 19 BC 89 13 B2 04 16 03 E8 03 12 03 00 00 00 00 00 00 00 00 00 00 06 03 00 00 06 00 00 24 38 F5 D4 66 34 20 
[13:53:05.148] F8 F8 B0 F0 08 00 00 00 00 34 00 14 02 07 0D 35 05 00 00 81 27 24 03 01 9F 06 39 8A 01 19 BC 89 13 B2 04 16 03 E8 03 2B 03 00 00 00 00 00 00 00 00 00 00 06 03 00 00 06 00 00 28 6A F5 D4 66 83 6C 
[13:53:05.650] F8 F8 B0 F0 08 00 00 00 00 34 00 14 02 07 0D 35 06 00 00 81 27 24 03 01 9F 06 39 8A 01 19 BC 89 13 B2 04 16 03 E8 03 2B 03 00 00 00 00 00 00 00 00 00 00 06 04 00 00 06 00 00 2C 9C F5 D4 66 EB 32 
[13:53:06.167] F8 F8 B0 F0 08 00 00 00 00 34 00 14 02 07 0D 35 07 00 00 81 27 24 03 01 9F 06 39 8A 01 19 BC 89 13 B2 04 16 03 E8 03 20 03 00 00 00 00 00 00 00 00 00 00 06 04 00 00 06 00 00 30 CE F5 D4 66 17 19 
[13:53:06.648] F8 F8 B0 F0 08 00 00 00 00 34 00 14 02 07 0D 35 07 00 00 81 27 24 03 01 9F 06 39 8A 01 19 BC 89 13 B2 04 16 03 E8 03 20 03 00 00 00 00 00 00 00 00 00 00 06 04 00 00 06 00 00 34 00 F6 D4 66 BF D8 
[13:53:07.148] F8 F8 B0 F0 08 00 00 00 00 34 00 14 02 07 0D 35 07 00 00 81 27 24 03 01 9F 06 39 8A 01 19 BC 89 13 B2 04 16 03 E8 03 37 03 00 00 00 00 00 00 00 00 00 00 06 03 00 00 06 00 00 38 32 F6 D4 66 F2 7E 
[13:53:07.647] F8 F8 B0 F0 08 00 00 00 00 34 00 14 02 07 0D 35 07 00 00 81 27 24 03 01 9F 06 39 8A 01 19 BC 89 13 B2 04 17 03 E8 03 37 03 00 00 00 00 00 00 00 00 00 00 06 03 00 00 06 00 00 3C 64 F6 D4 66 C2 81 
[13:53:08.148] F8 F8 B0 F0 08 00 00 00 00 34 00 14 02 07 0D 35 08 00 00 81 27 24 03 01 9F 06 39 8A 01 19 BC 89 13 B2 04 17 03 E8 03 1E 03 00 00 00 00 00 00 00 00 00 00 06 04 00 00 06 00 00 40 96 F6 D4 66 51 1D 
[13:53:08.649] F8 F8 B0 F0 08 00 00 00 00 34 00 14 02 07 0D 35 08 00 00 81 27 24 03 01 9F 06 39 8A 01 19 BC 89 13 B2 04 17 03 E8 03 1E 03 00 00 00 00 00 00 00 00 00 00 06 03 00 00 06 00 00 44 C8 F6 D4 66 8B 6A 
[13:53:09.148] F8 F8 B0 F0 08 00 00 00 00 34 00 14 02 07 0D 35 09 00 00 81 27 24 03 01 9F 06 39 8A 01 19 BC 89 13 B2 04 16 03 E8 03 23 03 00 00 00 00 00 00 00 00 00 00 06 04 00 00 06 00 00 48 FA F6 D4 66 29 63 
[13:53:09.648] F8 F8 B0 F0 08 00 00 00 00 34 00 14 02 07 0D 35 09 00 00 81 27 24 03 01 9F 06 39 8A 01 19 BC 89 13 B2 04 16 03 E8 03 23 03 00 00 00 00 00 00 00 00 00 00 06 04 00 00 06 00 00 4C 2C F7 D4 66 85 52 
[13:53:10.151] F8 F8 B0 F0 08 00 00 00 00 34 00 14 02 07 0D 35 0A 00 00 81 27 24 03 01 9F 06 39 8A 01 19 BC 89 13 B2 04 17 03 E8 03 23 03 00 00 00 00 00 00 00 00 00 00 06 04 00 00 06 00 00 50 5E F7 D4 66 7A 10 
[13:53:10.648] F8 F8 B0 F0 08 00 
[13:53:10.669] 00 00 00 34 00 14 02 07 0D 35 0A 00 00 81 27 24 03 01 9F 06 39 8A 01 19 BC 89 13 B2 04 16 03 E8 03 23 03 00 00 00 00 00 00 00 00 00 00 06 04 00 00 06 00 00 54 90 F7 D4 66 16 AC 
[13:53:11.148] F8 F8 B0 F0 08 00 00 00 00 34 00 14 02 07 0D 35 0B 00 00 81 27 24 03 01 9F 06 39 8A 01 19 BC 89 13 B2 04 17 03 E8 03 2F 03 00 00 00 00 00 00 00 00 00 00 06 04 00 00 06 00 00 58 C2 F7 D4 66 2D 22 
[13:53:11.649] F8 F8 B0 F0 08 00 00 00 00 34 00 14 02 07 0D 35 0B 00 00 81 27 24 03 01 9F 06 39 8A 01 19 BC 89 13 B2 04 17 03 E8 03 2F 03 00 00 00 00 00 00 00 00 00 00 06 03 00 00 06 00 00 5C F4 F7 D4 66 E6 89 
[13:53:12.151] F8 F8 B0 F0 08 00 
[13:53:12.170] 00 00 00 34 00 14 02 07 0D 35 0C 00 00 81 27 24 03 01 9F 06 39 8A 01 19 BC 89 13 B2 04 17 03 E8 03 16 03 00 00 00 00 00 00 00 00 00 00 06 03 00 00 06 00 00 60 26 F8 D4 66 5A 79 
[13:53:12.648] F8 F8 B0 F0 08 00 00 00 00 34 00 14 02 07 0D 35 0D 00 00 81 27 24 03 01 9F 06 39 8A 01 19 BC 89 13 B2 04 18 03 E8 03 16 03 00 00 00 00 00 00 00 00 00 00 06 03 00 00 06 00 00 64 58 F8 D4 66 FC 16 
[13:53:13.149] F8 F8 B0 F0 08 00 00 00 00 34 00 14 02 07 0D 35 0D 00 00 81 27 24 03 01 9F 06 39 8A 01 19 BC 89 13 B2 04 18 03 E8 03 0B 03 00 00 00 00 00 00 00 00 00 00 06 04 00 00 06 00 00 68 8A F8 D4 66 64 F2 
[13:53:13.649] F8 F8 B0 F0 08 00 00 00 00 34 00 14 02 07 0D 35 0E 00 00 81 27 24 03 01 9F 06 39 8A 01 19 BC 89 13 B2 04 17 03 E8 03 21 03 00 00 00 00 00 00 00 00 00 00 06 03 00 00 06 00 00 6C BC F8 D4 66 5C 92 
[13:53:14.149] F8 F8 B0 F0 08 00 00 00 00 34 00 14 02 07 0D 35 0E 00 00 81 27 24 03 01 9F 06 39 8A 01 19 BC 89 13 B2 04 17 03 E8 03 21 03 00 00 00 00 00 00 00 00 00 00 06 04 00 00 06 00 00 70 EE F8 D4 66 C3 AC 
[13:53:14.648] F8 F8 B0 F0 08 00 00 00 00 34 00 14 02 07 0D 35 0F 00 00 81 27 24 03 01 9F 06 39 8A 01 19 BC 89 13 B2 04 16 03 E8 03 1E 03 00 00 00 00 00 00 00 00 00 00 06 03 00 00 06 00 00 74 20 F9 D4 66 05 2E 
[13:53:15.164] F8 F8 B0 F0 08 00 00 00 00 34 00 14 02 07 0D 35 0F 00 00 81 27 24 03 01 9F 06 39 8A 01 19 BC 89 13 B2 04 16 03 E8 03 1E 03 00 00 00 00 00 00 00 00 00 00 06 03 00 00 06 00 00 78 54 F9 D4 66 AA 2D 
[13:53:15.669] F8 F8 B0 F0 08 00 00 00 00 34 00 14 02 07 0D 35 10 00 00 81 27 24 03 01 9F 06 39 8A 01 19 BC 89 13 B2 04 17 03 E8 03 27 03 00 00 00 00 00 00 00 00 00 00 06 03 00 00 06 00 00 7C 86 F9 D4 66 0A CB 
[13:53:16.169] F8 F8 B0 F0 08 00 00 00 00 34 00 14 02 07 0D 35 10 00 00 81 27 24 03 01 9F 06 39 8A 01 19 BC 89 13 B2 04 16 03 E8 03 27 03 00 00 00 00 00 00 00 00 00 00 06 04 00 00 06 00 00 80 B8 F9 D4 66 ED FC 
[13:53:16.670] F8 F8 B0 F0 08 00 00 00 00 34 00 14 02 07 0D 35 11 00 00 81 27 24 03 01 9F 06 39 8A 01 19 BC 89 13 B2 04 16 03 E8 03 28 03 00 00 00 00 00 00 00 00 00 00 06 03 00 00 06 00 00 84 EA F9 D4 66 D7 24 
[13:53:17.172] F8 F8 B0 F0 08 00 00 00 00 34 00 14 02 07 0D 35 11 00 00 81 27 24 03 01 9F 06 39 8A 01 19 BC 89 13 B2 04 15 03 E8 03 28 03 00 00 00 00 00 00 00 00 00 00 06 04 00 00 06 00 00 88 1C FA D4 66 79 0A 
[13:53:17.672] F8 F8 B0 F0 08 00 00 00 00 34 00 14 02 07 0D 35 12 00 
[13:53:17.700] 00 81 27 24 03 01 9F 06 39 8A 01 19 BC 89 13 B2 04 16 03 E8 03 14 03 00 00 00 00 00 00 00 00 00 00 06 04 00 00 06 00 00 8C 4E FA D4 66 57 84 
[13:53:18.171] F8 F8 B0 F0 08 00 00 00 00 34 00 14 02 07 0D 35 13 00 00 81 27 24 03 01 9F 06 39 8A 01 19 BC 89 13 B2 04 16 03 E8 03 14 03 00 00 00 00 00 00 00 00 00 00 06 03 00 00 06 00 00 90 80 FA D4 66 87 FE 
[13:53:18.672] F8 F8 B0 F0 08 00 00 00 00 34 00 14 02 07 0D 35 13 00 00 81 27 24 03 01 9F 06 39 8A 01 19 BC 89 13 B2 04 16 03 E8 03 1E 03 00 00 00 00 00 00 00 00 00 00 06 04 00 00 06 00 00 94 B2 FA D4 66 82 59 
[13:53:19.172] F8 F8 B0 F0 08 00 00 00 00 34 00 14 02 07 0D 35 13 00 00 81 27 24 03 01 9F 06 39 8A 01 19 BC 89 13 B2 04 16 03 E8 03 1E 03 00 00 00 00 00 00 00 00 00 00 06 04 00 00 06 00 00 98 E4 FA D4 66 0B 80 
[13:53:19.673] F8 F8 B0 F0 08 00 00 00 00 34 00 14 02 07 0D 35 13 00 00 81 27 24 03 01 9F 06 39 8A 01 19 BC 89 13 B2 04 16 03 E8 03 2E 03 00 00 00 00 00 00 00 00 00 00 06 03 00 00 06 00 00 9C 16 FB D4 66 50 A5 
[13:53:20.172] F8 F8 B0 F0 08 00 00 00 00 34 00 14 02 07 0D 35 14 00 00 81 27 24 03 01 9F 06 39 8A 01 19 BC 89 13 B2 04 17 03 E8 03 2E 03 00 00 00 00 00 00 00 00 00 00 06 04 00 00 06 00 00 A0 48 FB D4 66 31 B9 
[13:53:20.669] F8 F8 B0 F0 08 00 00 00 00 34 00 14 02 07 0D 35 14 00 00 81 27 24 03 01 9F 06 39 8A 01 19 BC 89 13 B2 04 17 03 E8 03 2B 03 00 00 00 00 00 00 00 00 00 00 06 03 00 00 06 00 00 A4 79 FB D4 66 D8 A8 
[13:53:21.169] F8 F8 B0 F0 08 00 00 00 00 34 00 14 02 07 0D 35 15 00 00 81 27 24 03 01 9F 06 39 8A 01 19 BC 89 13 B2 04 17 03 E8 03 2B 03 00 00 00 00 00 00 00 00 00 00 06 04 00 00 06 00 00 A8 AB FB D4 66 C7 82 
[13:53:21.669] F8 F8 B0 F0 08 00 00 00 00 34 00 14 02 07 0D 35 15 00 00 81 27 24 03 01 9F 06 39 8A 01 19 BC 89 13 B2 04 18 03 E8 03 17 03 00 00 00 00 00 00 00 00 00 00 06 03 00 00 06 00 00 AC DD FB D4 66 3D 38 