h9
																16		8	9 10 11 12 13 14 15				31 32 33 34 35 36 37 38 39 40
[13:55:00.351] F8 F8 B0 F0 08 00 00 00 00 34 00 14 02 07 0D 37 01 00 00 81 27 2C 03 01 97 06 39 8A 01 19 BC 89 13 B2 04 15 03 E8 03 1F 03 00 00 00 00 00 00 00 00 00 00 06 04 00 00 06 00 00 01 66 22 D5 66 93 B9 
[13:55:00.848] F8 F8 B0 F0 08 00 00 00 00 34 00 14 02 07 0D 37 01 00 00 81 27 2C 03 01 97 06 39 8A 01 19 BC 89 13 B2 04 16 03 E8 03 21 03 00 00 00 00 00 00 00 00 00 00 06 04 00 00 06 00 00 05 98 22 D5 66 F8 BA 
[13:55:01.348] F8 F8 B0 F0 08 00 00 00 00 34 00 14 02 07 0D 37 02 00 00 81 27 2C 03 01 97 06 39 8A 01 19 BC 88 13 B2 04 16 03 E8 03 21 03 00 00 00 00 00 00 00 00 00 00 06 03 00 00 06 00 00 09 CA 22 D5 66 7C 9F 
[13:55:01.849] F8 F8 B0 F0 08 00 00 00 00 34 00 14 02 07 0D 37 02 00 00 81 27 2C 03 01 97 06 39 8A 01 19 BC 88 13 B2 04 16 03 E8 03 12 03 00 00 00 00 00 00 00 00 00 00 06 03 00 00 06 00 00 0D FC 22 D5 66 FA 84 
[13:55:02.349] F8 F8 B0 F0 08 00 00 00 00 34 00 14 02 07 0D 37 03 00 00 81 27 2C 03 01 97 06 39 8A 01 19 BC 89 13 B2 04 17 03 E8 03 12 03 00 00 00 00 00 00 00 00 00 00 06 03 00 00 06 00 00 11 2E 23 D5 66 E0 C9 
[13:55:02.850] F8 F8 B0 F0 08 00 00 00 00 34 00 14 02 07 0D 37 03 00 00 81 27 2C 03 01 97 06 39 8A 01 19 BC 89 13 B2 04 17 03 E8 03 21 03 00 00 00 00 00 00 00 00 00 00 06 04 00 00 06 00 00 15 60 23 D5 66 6D 3C 
[13:55:03.348] F8 F8 B0 F0 08 00 00 00 00 34 00 14 02 07 0D 37 03 00 00 81 27 2C 03 01 97 06 39 8A 01 19 BC 89 13 B2 04 18 03 E8 03 21 03 00 00 00 00 00 00 00 00 00 00 06 04 00 00 06 00 00 19 92 23 D5 66 0E 0E 
[13:55:03.849] F8 F8 B0 F0 08 00 00 00 00 34 00 14 02 07 0D 37 03 00 00 81 27 2C 03 01 97 06 39 8A 01 19 BC 89 13 B2 04 18 03 E8 03 2B 03 00 00 00 00 00 00 00 00 00 00 06 04 00 00 06 00 00 1D C4 23 D5 66 95 13 
[13:55:04.349] F8 F8 B0 F0 08 00 00 00 00 34 00 14 02 07 0D 37 04 00 00 81 27 2C 03 01 97 06 39 8A 01 19 BC 89 13 B2 04 18 03 E8 03 2B 03 00 00 00 00 00 00 00 00 00 00 06 04 00 00 06 00 00 21 F6 23 D5 66 3D 14 
[13:55:04.849] F8 F8 B0 F0 08 00 00 00 00 34 00 14 02 07 0D 37 04 00 00 81 27 2C 03 01 97 06 39 8A 01 19 BC 89 13 B2 04 18 03 E8 03 28 03 00 00 00 00 00 00 00 00 00 00 06 04 00 00 06 00 00 25 28 24 D5 66 F7 4B 
[13:55:05.349] F8 F8 B0 F0 08 00 00 00 00 34 00 14 02 07 0D 37 05 00 00 81 27 2C 03 01 97 06 39 8A 01 19 BC 89 13 B2 04 17 03 E8 03 28 03 00 00 00 00 00 00 00 00 00 00 06 03 00 00 06 00 00 29 5A 24 D5 66 F3 40 
[13:55:05.850] F8 F8 B0 F0 08 00 00 00 00 34 00 14 02 07 0D 37 06 00 00 81 27 2C 03 01 97 06 39 8A 01 19 BC 89 13 B2 04 18 03 E8 03 2B 03 00 00 00 00 00 00 00 00 00 00 06 03 00 00 06 00 00 2D 8C 24 D5 66 00 92 
[13:55:06.350] F8 F8 B0 F0 08 00 00 00 00 34 00 14 02 07 0D 37 06 00 00 81 27 2C 03 01 97 06 39 8A 01 19 BC 89 13 B2 04 18 03 E8 03 2B 03 00 00 00 00 00 00 00 00 00 00 06 04 00 00 06 00 00 31 BE 24 D5 66 4D F5 
[13:55:06.849] F8 F8 B0 F0 08 00 00 00 00 34 00 14 02 07 0D 37 07 00 00 81 27 2C 03 01 97 06 39 8A 01 19 BC 89 13 B2 04 17 03 E8 03 2B 03 00 00 00 00 00 00 00 00 00 00 06 03 00 00 06 00 00 35 F0 24 D5 66 BF 9F 
[13:55:07.349] F8 F8 B0 F0 08 00 00 00 00 34 00 14 02 07 0D 37 07 00 00 81 27 2C 03 01 97 06 39 8A 01 19 BC 89 13 B2 04 17 03 E8 03 24 03 00 00 00 00 00 00 00 00 00 00 06 04 00 00 06 00 00 39 22 25 D5 66 42 62 
[13:55:07.852] F8 F8 B0 F0 08 00 00 00 00 34 00 14 02 07 0D 37 08 00 00 81 27 2C 03 01 97 06 39 8A 01 19 BC 89 13 B2 04 16 03 E8 03 24 03 00 00 00 00 00 00 00 00 00 00 06 03 00 00 06 00 00 3D 54 25 D5 66 BB CD 
[13:55:08.350] F8 F8 B0 F0 08 00 00 00 00 34 00 14 02 07 0D 37 08 00 00 81 27 2C 03 01 97 06 39 8A 01 19 BC 88 13 B2 04 16 03 E8 03 1E 03 00 00 00 00 00 00 00 00 00 00 06 03 00 00 06 00 00 41 86 25 D5 66 F1 41 
[13:55:08.850] F8 F8 B0 F0 08 00 00 00 00 34 00 14 02 07 0D 37 09 00 00 81 27 2C 03 01 97 06 39 8A 01 19 BC 89 13 B2 04 16 03 E8 03 1E 03 00 00 00 00 00 00 00 00 00 00 06 03 00 00 06 00 00 45 B8 25 D5 66 E0 D2 
[13:55:09.352] F8 F8 B0 F0 08 00 00 00 00 34 00 14 02 07 0D 37 09 00 00 81 27 2C 03 01 97 06 39 8A 01 19 BC 88 13 B2 04 16 03 E8 03 0A 03 00 00 00 00 00 00 00 00 00 00 06 04 00 00 06 00 00 49 EA 25 D5 66 3C 2D 
[13:55:09.852] F8 F8 B0 F0 08 00 00 00 00 34 00 14 02 07 0D 37 0A 00 00 81 27 2C 03 01 97 06 39 8A 01 19 BC 88 13 B2 04 15 03 E8 03 0A 03 00 00 00 00 00 00 00 00 00 00 06 03 00 00 06 00 00 4D 1C 26 D5 66 B8 47 
[13:55:10.398] F8 F8 B0 F0 08 00 00 00 00 34 00 14 02 07 0D 37 0B 00 00 81 27 2C 03 01 97 06 39 8A 01 19 BC 88 13 B2 04 15 03 E8 03 28 03 00 00 00 00 00 00 00 00 00 00 06 04 00 00 06 00 00 51 50 26 D5 66 98 E3 
[13:55:10.866] F8 F8 B0 F0 08 00 00 00 00 34 00 14 02 07 0D 37 0B 00 00 81 27 2C 03 01 97 06 39 8A 01 19 BC 89 13 B2 04 15 03 E8 03 28 03 00 00 00 00 00 00 00 00 00 00 06 03 00 00 06 00 00 55 82 26 D5 66 0E 5F 

[13:55:11.869] F8 F8 B0 F0 08 00 00 00 00 34 00 14 02 07 0D 37 0C 00 00 81 27 2C 03 01 97 06 39 8A 01 19 BC 88 13 B2 04 16 03 E8 03 1F 03 00 00 00 00 00 00 00 00 00 00 06 03 00 00 06 00 00 5D E6 26 D5 66 EA FE 
[13:55:12.372] F8 F8 B0 F0 08 00 00 00 00 34 00 14 02 07 0D 37 0D 00 00 81 27 2C 03 01 97 06 39 8A 01 19 BC 88 13 B2 04 16 03 E8 03 19 03 00 00 00 00 00 00 00 00 00 00 06 03 00 00 06 00 00 61 18 27 D5 66 E0 0C 
[13:55:12.869] F8 F8 B0 F0 08 00 00 00 00 34 00 14 02 07 0D 37 0D 00 00 81 27 2C 03 01 97 06 39 8A 01 19 BC 88 13 B2 04 15 03 E8 03 19 03 00 00 00 00 00 00 00 00 00 00 06 03 00 00 06 00 00 65 4A 27 D5 66 09 70 
[13:55:13.374] F8 F8 B0 F0 08 00 00 00 00 34 00 14 02 07 0D 37 0E 00 00 81 27 2C 03 01 97 06 39 8A 01 19 BC 88 13 B2 04 15 03 E8 03 22 03 00 00 00 00 00 00 00 00 00 00 06 03 00 00 06 00 00 69 7D 27 D5 66 28 F1 
[13:55:13.874] F8 F8 B0 F0 08 00 00 00 00 34 00 14 02 07 0D 37 0E 00 00 81 27 2C 03 01 97 06 39 8A 01 19 BC 88 13 B2 04 15 03 E8 03 22 03 00 00 00 00 00 00 00 00 00 00 06 04 00 00 06 00 00 6D AE 27 D5 66 4C 62 

[13:55:15.371] F8 F8 B0 F0 08 00 00 00 00 34 00 14 02 07 0D 37 0F 00 00 81 27 2C 03 01 97 06 39 8A 01 19 BC 89 13 B2 04 16 03 E8 03 26 03 00 00 00 00 00 00 00 00 00 00 06 04 00 00 06 00 00 79 44 28 D5 66 74 0A 

[13:55:16.372] F8 F8 B0 F0 08 00 00 00 00 34 00 14 02 07 0D 37 10 00 00 81 27 2C 03 01 97 06 39 8A 01 19 BC 89 13 B2 04 16 03 E8 03 1C 03 00 00 00 00 00 00 00 00 00 00 06 03 00 00 06 00 00 81 A8 28 D5 66 36 82 

[13:55:18.873] F8 F8 B0 F0 08 00 00 00 00 34 00 14 02 07 0D 37 13 00 00 81 27 2C 03 01 97 06 39 8A 01 19 BC 89 13 B2 04 17 03 E8 03 25 03 00 00 00 00 00 00 00 00 00 00 06 03 00 00 06 00 00 95 A2 29 D5 66 AD 6D 
[13:55:19.373] F8 F8 B0 F0 08 00 00 00 00 34 00 14 02 07 0D 37 13 00 00 81 27 2C 03 01 97 06 39 8A 01 19 BC 89 13 B2 04 17 03 E8 03 25 03 00 00 00 00 00 00 00 00 00 00 06 04 00 00 06 00 00 99 D4 29 D5 66 D7 AA 
[13:55:19.873] F8 F8 B0 F0 08 00 00 00 00 34 00 14 02 07 0D 37 14 00 00 81 27 2C 03 01 97 06 39 8A 01 19 BC 89 13 B2 04 17 03 E8 03 17 03 00 00 00 00 00 00 00 00 00 00 06 03 00 00 06 00 00 9D 06 2A D5 66 48 F9 

[13:55:21.373] F8 F8 B0 F0 08 00 00 00 00 34 00 14 02 07 0D 37 15 00 00 81 27 2C 03 01 97 06 39 8A 01 19 BC 89 13 B2 04 17 03 E8 03 1F 03 00 00 00 00 00 00 00 00 00 00 06 03 00 00 06 00 00 A9 9C 2A D5 66 4F B7 
[13:55:21.890] F8 F8 B0 F0 08 00 00 00 00 34 00 14 02 07 0D 37 16 00 00 81 27 2C 03 01 97 06 39 8A 01 19 BC 89 13 B2 04 18 03 E8 03 1E 03 00 00 00 00 00 00 00 00 00 00 06 04 00 00 06 00 00 AD D0 2A D5 66 33 8C 
[13:55:22.392] F8 F8 B0 F0 08 00 00 00 00 34 00 14 02 07 0D 37 17 00 00 81 27 2C 03 01 97 06 39 8A 01 19 BC 89 13 B2 04 17 03 E8 03 1E 03 00 00 00 00 00 00 00 00 00 00 06 03 00 00 06 00 00 B1 02 2B D5 66 2B 5E 
[13:55:22.891] F8 F8 B0 F0 08 00 00 00 00 34 00 14 02 07 0D 37 17 00 00 81 27 2C 03 01 97 06 39 8A 01 19 BC 89 13 B2 04 17 03 E8 03 28 03 00 00 00 00 00 00 00 00 00 00 06 03 00 00 06 00 00 B5 34 2B D5 66 A2 AE 
[13:55:23.389] F8 F8 B0 F0 08 00 00 00 00 34 00 14 02 07 0D 37 18 00 00 81 27 2C 03 01 97 06 39 8A 01 19 BC 89 13 B2 04 17 03 E8 03 28 03 00 00 00 00 00 00 00 00 00 00 06 04 00 00 06 00 00 B9 66 2B D5 66 5D DA 
[13:55:23.889] F8 F8 B0 F0 08 00 00 00 00 34 00 14 02 07 0D 37 18 00 00 81 27 2C 03 01 97 06 39 8A 01 19 BC 89 13 B2 04 17 03 E8 03 2F 03 00 00 00 00 00 00 00 00 00 00 06 03 00 00 06 00 00 BD 98 2B D5 66 F8 C2 
[13:55:24.389] F8 F8 B0 F0 08 00 00 00 00 34 00 14 02 07 0D 37 19 00 00 81 27 2C 03 01 97 06 39 8A 01 19 BC 89 13 B2 04 17 03 E8 03 2F 03 00 00 00 00 00 00 00 00 00 00 06 03 00 00 06 00 00 C1 CA 2B D5 66 E4 01 
[13:55:24.891] F8 F8 B0 F0 08 00 00 00 00 34 00 14 02 07 0D 37 19 00 00 81 27 2C 03 01 97 06 39 8A 01 19 BC 89 13 B2 04 17 03 E8 03 19 03 00 00 00 00 00 00 00 00 00 00 06 03 00 00 06 00 00 C5 FC 2B D5 66 6D F1 
[13:55:25.393] F8 F8 B0 F0 08 00 00 00 00 34 00 14 02 07 0D 37 1A 00 00 81 27 2C 03 01 97 06 39 8A 01 19 BC 89 13 B2 04 17 03 E8 03 19 03 00 00 00 00 00 00 00 00 00 00 06 03 00 00 06 00 00 C9 2E 2C D5 66 BA FC 
[13:55:25.892] F8 F8 B0 F0 08 00 00 00 00 34 00 14 02 07 0D 37 1A 00 00 81 27 2C 03 01 97 06 39 8A 01 19 BC 89 13 B2 04 17 03 E8 03 1C 03 00 00 00 00 00 00 00 00 00 00 06 04 00 00 06 00 00 CD 60 2C D5 66 C8 7B 
[13:55:26.391] F8 F8 B0 F0 08 00 00 00 00 34 00 14 02 07 0D 37 1A 00 00 81 27 2C 03 01 97 06 39 8A 01 19 BC 89 13 B2 04 17 03 E8 03 1C 03 00 00 00 00 00 00 00 00 00 00 06 03 00 00 06 00 00 D1 92 2C D5 66 21 AF 
[13:55:26.893] F8 F8 B0 F0 08 00 00 00 00 34 00 14 02 07 0D 37 1A 00 00 81 27 2C 03 01 97 06 39 8A 01 19 BC 89 13 B2 04 17 03 E8 03 07 03 00 00 00 00 00 00 00 00 00 00 06 04 00 00 06 00 00 D5 C4 2C D5 66 57 EC 
[13:55:27.392] F8 F8 B0 F0 08 00 00 00 00 34 00 14 02 07 0D 37 1B 00 00 81 27 2C 03 01 97 06 39 8A 01 19 BC 89 13 B2 04 17 03 E8 03 07 03 00 00 00 00 00 00 00 00 00 00 06 03 00 00 06 00 00 D9 F6 2C D5 66 A2 42 
[13:55:27.891] F8 F8 B0 F0 08 00 00 00 00 34 00 14 02 07 0D 37 1C 00 00 81 27 2C 03 01 97 06 39 8A 01 19 BC 89 13 B2 04 16 03 E8 03 2A 03 00 00 00 00 00 00 00 00 00 00 06 04 00 00 06 00 00 DD 28 2D D5 66 98 79 
[13:55:28.389] F8 F8 B0 F0 08 00 00 00 00 34 00 14 02 07 0D 37 1C 00 00 81 27 2C 03 01 97 06 39 8A 01 19 BC 89 13 B2 04 15 03 E8 03 2A 03 00 00 00 00 00 00 00 00 00 00 06 03 00 00 06 00 00 E1 5A 2D D5 66 41 15 
[13:55:28.889] F8 F8 B0 F0 08 00 00 00 00 34 00 14 02 07 0D 37 1D 00 00 81 27 2C 03 01 97 06 39 8A 01 19 BC 89 13 B2 04 15 03 E8 03 2C 03 00 00 00 00 00 00 00 00 00 00 06 04 00 00 06 00 00 E5 8C 2D D5 66 88 45 
[13:55:29.390] F8 F8 B0 F0 08 00 00 00 00 34 00 14 02 07 0D 37 1D 00 00 81 27 2C 03 01 97 06 39 8A 01 19 BC 89 13 B2 04 15 03 E8 03 2C 03 00 00 00 00 00 00 00 00 00 00 06 03 00 00 06 00 00 E9 BE 2D D5 66 9F 26 

[13:55:30.388] F8 F8 B0 F0 08 00 00 00 00 34 00 14 02 07 0D 37 1E 00 00 81 27 2C 03 01 97 06 39 8A 01 19 BC 88 13 B2 04 15 03 E8 03 1A 03 00 00 00 00 00 00 00 00 00 00 06 03 00 00 06 00 00 01 22 2E D5 66 FD A2 
[13:55:30.889] F8 F8 B0 F0 08 00 00 00 00 34 00 14 02 07 0D 37 1F 00 00 81 27 2C 03 01 97 06 39 8A 01 19 BC 88 13 B2 04 14 03 E8 03 1A 03 00 00 00 00 00 00 00 00 00 00 06 03 00 00 06 00 00 05 54 2E D5 66 61 A7 
[13:55:31.391] F8 F8 B0 F0 08 00 00 00 00 34 00 14 02 07 0D 37 1F 00 00 81 27 2C 03 01 97 06 39 8A 01 19 BC 88 13 B2 04 15 03 E8 03 23 03 00 00 00 00 00 00 00 00 00 00 06 03 00 00 06 00 00 09 86 2E D5 66 7A 12 
[13:55:31.892] F8 F8 B0 F0 08 00 00 00 00 34 00 14 02 07 0D 37 20 00 00 81 27 2C 03 01 97 06 39 8A 01 19 BC 88 13 B2 04 15 03 E8 03 23 03 00 00 00 00 00 00 00 00 00 00 06 03 00 00 06 00 00 0D B8 2E D5 66 01 7B 
[13:55:32.390] F8 F8 B0 F0 08 00 00 00 00 34 00 14 02 07 0D 37 20 00 00 81 27 2C 03 01 97 06 39 8A 01 19 BC 88 13 B2 04 16 03 E8 03 19 03 00 00 00 00 00 00 00 00 00 00 06 04 00 00 06 00 00 11 EA 2E D5 66 E8 2E 
[13:55:32.888] F8 F8 B0 F0 08 00 00 00 00 34 00 14 02 07 0D 37 21 00 00 81 27 2C 03 01 97 06 39 8A 01 19 BC 89 13 B2 04 16 03 E8 03 19 03 00 00 00 00 00 00 00 00 00 00 06 04 00 00 06 00 00 15 1C 2F D5 66 AE BC 
[13:55:33.412] F8 F8 B0 F0 08 00 00 00 00 34 00 14 02 07 0D 37 22 00 00 81 27 2C 03 01 97 06 39 8A 01 19 BC 89 13 B2 04 15 03 E8 03 20 03 00 00 00 00 00 00 00 00 00 00 06 04 00 00 06 00 00 1A 50 2F D5 66 8D 8C 
[13:55:33.912] F8 F8 B0 F0 08 00 00 00 00 34 00 14 02 07 0D 37 22 00 00 81 27 2C 03 01 97 06 39 8A 01 19 BC 89 13 B2 04 15 03 E8 03 20 03 00 00 00 00 00 00 00 00 00 00 06 03 00 00 06 00 00 1E 82 2F D5 66 5D 69 
[13:55:34.412] F8 F8 B0 F0 08 00 00 00 00 34 00 14 02 07 0D 37 23 00 00 81 27 2C 03 01 97 06 39 8A 01 19 BC 89 13 B2 04 16 03 E8 03 18 03 00 00 00 00 00 00 00 00 00 00 06 04 00 00 06 00 00 22 B4 2F D5 66 C7 04 
[13:55:34.912] F8 F8 B0 F0 08 00 00 00 00 34 00 14 02 07 0D 37 23 00 00 81 27 2C 03 01 97 06 39 8A 01 19 BC 89 13 B2 04 16 03 E8 03 18 03 00 00 00 00 00 00 00 00 00 00 06 04 00 00 06 00 00 26 E6 2F D5 66 92 15 
[13:55:35.412] F8 F8 B0 F0 08 00 00 00 00 34 00 14 02 07 0D 37 24 00 00 81 27 2C 03 01 97 06 39 8A 01 19 BC 89 13 B2 04 16 03 E8 03 34 03 00 00 00 00 00 00 00 00 00 00 06 04 00 00 06 00 00 2A 18 30 D5 66 83 79 
[13:55:35.912] F8 F8 B0 F0 08 00 00 00 00 34 00 14 02 07 0D 37 24 00 00 81 27 2C 03 01 97 06 39 8A 01 19 BC 89 13 B2 04 17 03 E8 03 34 03 00 00 00 00 00 00 00 00 00 00 06 04 00 00 06 00 00 2E 4A 30 D5 66 42 4C 
[13:55:36.411] F8 F8 B0 F0 08 00 00 00 00 34 00 14 02 07 0D 37 25 00 00 81 27 2C 03 01 97 06 39 8A 01 19 BC 89 13 B2 04 18 03 E8 03 22 03 00 00 00 00 00 00 00 00 00 00 06 04 00 00 06 00 00 32 7C 30 D5 66 95 3C 
[13:55:36.910] F8 F8 B0 F0 08 00 00 00 00 34 00 14 02 07 0D 37 25 00 00 81 27 2C 03 01 97 06 39 8A 01 19 BC 89 13 B2 04 18 03 E8 03 22 03 00 00 00 00 00 00 00 00 00 00 06 04 00 00 06 00 00 36 AE 30 D5 66 F8 F0 
[13:55:37.411] F8 F8 B0 F0 08 00 00 00 00 34 00 14 02 07 0D 37 25 00 00 81 27 2C 03 01 97 06 39 8A 01 19 BC 89 13 B2 04 17 03 E8 03 16 03 00 00 00 00 00 00 00 00 00 00 06 04 00 00 06 00 00 3A E0 30 D5 66 81 60 
[13:55:37.909] F8 F8 B0 F0 08 00 00 00 00 34 00 14 02 07 0D 37 25 00 00 81 27 2C 03 01 97 06 39 8A 01 19 BC 89 13 B2 04 18 03 E8 03 16 03 00 00 00 00 00 00 00 00 00 00 06 04 00 00 06 00 00 3D 11 31 D5 66 F1 12 
[13:55:38.410] F8 F8 B0 F0 08 00 00 00 00 34 00 14 02 07 0D 37 26 00 00 81 27 2C 03 01 97 06 39 8A 01 19 BC 89 13 B2 04 17 03 E8 03 1E 03 00 00 00 00 00 00 00 00 00 00 06 04 00 00 06 00 00 41 43 31 D5 66 5C 39 
[13:55:38.910] F8 F8 B0 F0 08 00 00 00 00 34 00 14 02 07 0D 37 27 00 00 81 27 2C 03 01 97 06 39 8A 01 19 BC 89 13 B2 04 17 03 E8 03 1E 03 00 00 00 00 00 00 00 00 00 00 06 03 00 00 06 00 00 46 76 31 D5 66 7B 2A 
[13:55:39.412] F8 F8 B0 F0 08 00 00 00 00 34 00 14 02 07 0D 37 27 00 00 81 27 2C 03 01 97 06 39 8A 01 19 BC 89 13 B2 04 17 03 E8 03 24 03 00 00 00 00 00 00 00 00 00 00 06 03 00 00 06 00 00 4A A8 31 D5 66 C3 AD 
[13:55:39.911] F8 F8 B0 F0 08 00 00 00 00 34 00 14 02 07 0D 37 28 00 00 81 27 2C 03 01 97 06 39 8A 01 19 BC 89 13 B2 04 18 03 E8 03 24 03 00 00 00 00 00 00 00 00 00 00 06 04 00 00 06 00 00 4E DA 31 D5 66 32 27 
[13:55:40.410] F8 F8 B0 F0 08 00 00 00 00 34 00 14 02 07 0D 37 28 00 00 81 27 2C 03 01 97 06 39 8A 01 19 BC 89 13 B2 04 17 03 E8 03 18 03 00 00 00 00 00 00 00 00 00 00 06 03 00 00 06 00 00 51 0B 32 D5 66 66 97 
[13:55:40.910] F8 F8 B0 F0 08 00 00 00 00 34 00 14 02 07 0D 37 29 00 00 81 27 2C 03 01 97 06 39 8A 01 19 BC 89 13 B2 04 17 03 E8 03 18 03 00 00 00 00 00 00 00 00 00 00 06 03 00 00 06 00 00 55 3D 32 D5 66 F2 D8 
[13:55:41.409] F8 F8 B0 F0 08 00 00 00 00 34 00 14 02 07 0D 37 29 00 00 81 27 2C 03 01 97 06 39 8A 01 19 BC 89 13 B2 04 16 03 E8 03 24 03 00 00 00 00 00 00 00 00 00 00 06 03 00 00 06 00 00 5A 70 32 D5 66 45 7A 
[13:55:41.913] F8 F8 B0 F0 08 00 00 00 00 34 00 14 02 07 0D 37 2A 00 00 81 27 2C 03 01 97 06 39 8A 01 19 BC 89 13 B2 04 16 03 E8 03 28 03 00 00 00 00 00 00 00 00 00 00 06 04 00 00 06 00 00 5E A2 32 D5 66 A7 AD 
[13:55:42.410] F8 F8 B0 F0 08 00 00 00 00 34 00 14 02 07 0D 37 2A 00 00 81 27 2C 03 01 97 06 39 8A 01 19 BC 89 13 B2 04 16 03 E8 03 28 03 00 00 00 00 00 00 00 00 00 00 06 03 00 00 06 00 00 61 D3 32 D5 66 CC D9 
[13:55:42.910] F8 F8 B0 F0 08 00 00 00 00 34 00 14 02 07 0D 37 2B 00 00 81 27 2C 03 01 97 06 39 8A 01 19 BC 89 13 B2 04 16 03 E8 03 17 03 00 00 00 00 00 00 00 00 00 00 06 04 00 00 06 00 00 66 06 33 D5 66 F4 94 
[13:55:43.413] F8 F8 B0 F0 08 00 
[13:55:43.434] 00 00 00 34 00 14 02 07 0D 37 2B 00 00 81 27 2C 03 01 97 06 39 8A 01 19 BC 89 13 B2 04 16 03 E8 03 17 03 00 00 00 00 00 00 00 00 00 00 06 03 00 00 06 00 00 6A 38 33 D5 66 D1 B8 
[13:55:43.913] F8 F8 B0 F0 08 00 00 00 00 34 00 14 02 07 0D 37 2C 00 00 81 27 2C 03 01 97 06 39 8A 01 19 BC 89 13 B2 04 16 03 E8 03 18 03 00 00 00 00 00 00 00 00 00 00 06 04 00 00 06 00 00 6E 6A 33 D5 66 E5 EC 
[13:55:44.429] F8 F8 B0 F0 08 00 00 00 00 34 00 14 02 07 0D 37 2D 00 00 81 27 2C 03 01 97 06 39 8A 01 19 BC 89 13 B2 04 16 03 E8 03 18 03 00 00 00 00 00 00 00 00 00 00 06 03 00 00 06 00 00 72 9E 33 D5 66 77 D2 
[13:55:44.931] F8 F8 B0 F0 08 00 00 00 00 34 00 14 02 07 0D 37 2D 00 00 81 27 2C 03 01 97 06 39 8A 01 19 BC 89 13 B2 04 16 03 E8 03 2F 03 00 00 00 00 00 00 00 00 00 00 06 04 00 00 06 00 00 76 CF 33 D5 66 BF 34 
[13:55:45.431] F8 F8 B0 F0 08 00 00 00 00 34 00 14 02 07 0D 37 2E 00 00 81 27 2C 03 01 97 06 39 8A 01 19 BC 89 13 B2 04 16 03 E8 03 2F 03 00 00 00 00 00 00 00 00 00 00 06 04 00 00 06 00 00 7A 02 34 D5 66 21 F6 
[13:55:45.933] F8 F8 B0 F0 08 00 00 00 00 34 00 14 02 07 0D 37 2E 00 00 81 27 2C 03 01 97 06 39 8A 01 19 BC 89 13 B2 04 16 03 E8 03 1B 03 00 00 00 00 00 00 00 00 00 00 06 03 00 00 06 00 00 7E 34 34 D5 66 13 41 
[13:55:46.433] F8 F8 B0 F0 08 00 00 00 00 34 00 14 02 07 0D 37 2F 00 00 81 27 2C 03 01 97 06 39 8A 01 19 BC 89 13 B2 04 16 03 E8 03 1B 03 00 00 00 00 00 00 00 00 00 00 06 04 00 00 06 00 00 82 66 34 D5 66 62 89 
[13:55:46.932] F8 F8 B0 F0 08 00 00 00 00 34 00 14 02 07 0D 37 2F 00 00 81 27 2C 03 01 97 06 39 8A 01 19 BC 89 13 B2 04 17 03 E8 03 11 03 00 00 00 00 00 00 00 00 00 00 06 04 00 00 06 00 00 86 98 34 D5 66 D8 DF 
[13:55:47.429] F8 F8 B0 F0 08 00 00 00 00 34 00 14 02 07 0D 37 30 00 00 81 27 2C 03 01 97 06 39 8A 01 19 BC 89 13 B2 04 18 03 E8 03 11 03 00 00 00 00 00 00 00 00 00 00 06 03 00 00 06 00 00 8A C9 34 D5 66 3A E4 
[13:55:47.929] F8 F8 B0 F0 08 00 00 00 00 34 00 14 02 07 0D 37 30 00 00 81 27 2C 03 01 97 06 39 8A 01 19 BC 89 13 B2 04 17 03 E8 03 24 03 00 00 00 00 00 00 00 00 00 00 06 04 00 00 06 00 00 8E FB 34 D5 66 97 65 
[13:55:48.431] F8 F8 B0 F0 08 00 00 00 00 34 00 14 02 07 0D 37 31 00 00 81 27 2C 03 01 97 06 39 8A 01 19 BC 89 13 B2 04 18 03 E8 03 24 03 00 00 00 00 00 00 00 00 00 00 06 04 00 00 06 00 00 92 2E 35 D5 66 1F CF 
[13:55:48.933] F8 F8 B0 F0 08 00 00 00 00 34 00 14 02 07 0D 37 31 00 00 81 27 2C 03 01 97 06 39 8A 01 19 BC 89 13 B2 04 18 03 E8 03 26 03 00 00 00 00 00 00 00 00 00 00 06 04 00 00 06 00 00 96 60 35 D5 66 D9 E4 
[13:55:49.433] F8 F8 B0 F0 08 00 00 00 00 34 00 14 02 07 0D 37 31 00 00 81 27 2C 03 01 97 06 39 8A 01 19 BC 88 13 B2 04 18 03 E8 03 26 03 00 00 00 00 00 00 00 00 00 00 06 03 00 00 06 00 00 9A 92 35 D5 66 2C 6D 
[13:55:49.949] F8 F8 B0 F0 08 00 00 00 00 34 00 14 02 07 0D 37 32 00 00 81 27 2C 03 01 97 06 39 8A 01 19 BC 88 13 B2 04 18 03 E8 03 22 03 00 00 00 00 00 00 00 00 00 00 06 03 00 00 06 00 00 9E C3 35 D5 66 AE 7D 
[13:55:50.430] F8 F8 B0 F0 08 00 00 00 00 34 00 14 02 07 0D 37 32 00 00 81 27 2C 03 01 97 06 39 8A 01 19 BC 88 13 B2 04 18 03 E8 03 22 03 00 00 00 00 00 00 00 00 00 00 06 04 00 00 06 00 00 A2 F5 35 D5 66 A6 D8 
[13:55:50.929] F8 F8 B0 F0 08 00 00 00 00 34 00 14 02 07 0D 37 33 00 00 81 27 2C 03 01 97 06 39 8A 01 19 BC 88 13 B2 04 18 03 E8 03 23 03 00 00 00 00 00 00 00 00 00 00 06 04 00 00 06 00 00 A6 27 36 D5 66 7A B7 
[13:55:51.429] F8 F8 B0 F0 08 00 00 00 00 34 00 14 02 07 0D 37 33 00 00 81 27 2C 03 01 97 06 39 8A 01 19 BC 88 13 B2 04 17 03 E8 03 23 03 00 00 00 00 00 00 00 00 00 00 06 03 00 00 06 00 00 AA 5A 36 D5 66 72 A5 
[13:55:51.934] F8 F8 B0 F0 08 00 00 00 00 34 00 14 02 07 0D 37 34 00 00 81 27 2C 03 01 97 06 39 8A 01 19 BC 88 13 B2 04 18 03 E8 03 20 03 00 00 00 00 00 00 00 00 00 00 06 03 00 00 06 00 00 AE 8C 36 D5 66 6A 70 
[13:55:52.430] F8 F8 B0 F0 08 00 00 00 00 34 00 14 02 07 0D 37 34 00 00 81 27 2C 03 01 97 06 39 8A 01 19 BC 88 13 B2 04 18 03 E8 03 20 03 00 00 00 00 00 00 00 00 00 00 06 03 00 00 06 00 00 B2 BD 36 D5 66 46 A5 
[13:55:52.930] F8 F8 B0 F0 08 00 00 00 00 34 00 14 02 07 0D 37 35 00 00 81 27 2C 03 01 97 06 39 8A 01 19 BC 88 13 B2 04 18 03 E8 03 31 03 00 00 00 00 00 00 00 00 00 00 06 04 00 00 06 00 00 B6 F0 36 D5 66 55 E8 
[13:55:53.431] F8 F8 B0 F0 08 00 00 00 00 34 00 14 02 07 0D 37 35 00 00 81 27 2C 03 01 97 06 39 8A 01 19 BC 88 13 B2 04 18 03 E8 03 31 03 00 00 00 00 00 00 00 00 00 00 06 04 00 00 06 00 00 BA 21 37 D5 66 F9 8A 
[13:55:53.929] F8 F8 B0 F0 08 00 00 00 00 34 00 14 02 07 0D 37 36 00 00 81 27 2C 03 01 97 06 39 8A 01 19 BC 88 13 B2 04 17 03 E8 03 0C 03 00 00 00 00 00 00 00 00 00 00 06 04 00 00 06 00 00 BE 53 37 D5 66 4B A2 
[13:55:54.430] F8 F8 B0 F0 08 00 00 00 00 34 00 14 02 07 0D 37 36 00 00 81 27 2C 03 01 97 06 39 8A 01 19 BC 88 13 B2 04 17 03 E8 03 0C 03 00 00 00 00 00 00 00 00 00 00 06 03 00 00 06 00 00 C2 86 37 D5 66 1D 09 
[13:55:54.932] F8 F8 B0 F0 08 00 00 00 00 34 00 14 02 07 0D 37 37 00 00 81 27 2C 03 01 97 06 39 8A 01 19 BC 89 13 B2 04 17 03 E8 03 1B 03 00 00 00 00 00 00 00 00 00 00 06 03 00 00 06 00 00 C6 B8 37 D5 66 56 5F 
[13:55:55.433] F8 F8 B0 F0 08 00 00 00 00 34 00 14 02 07 0D 37 37 00 00 81 27 2C 03 01 97 06 39 8A 01 19 BC 89 13 B2 04 17 03 E8 03 1B 03 00 00 00 00 00 00 00 00 00 00 06 03 00 00 06 00 00 CA EA 37 D5 66 2E 4C 
[13:55:55.933] F8 F8 B0 F0 08 00 00 00 00 34 00 14 02 07 0D 37 38 00 00 81 27 2C 03 01 97 06 39 8A 01 19 BC 88 13 B2 04 17 03 E8 03 27 03 00 00 00 00 00 00 00 00 00 00 06 03 00 00 06 00 00 CE 1C 38 D5 66 71 F2 
[13:55:56.449] F8 F8 B0 F0 08 00 00 00 00 34 00 14 02 07 0D 37 39 00 00 81 27 2C 03 01 97 06 39 8A 01 19 BC 89 13 B2 04 17 03 E8 03 27 03 00 00 00 00 00 00 00 00 00 00 06 03 00 00 06 00 00 D2 50 38 D5 66 0A C8 
[13:55:56.951] F8 F8 B0 F0 08 00 00 00 00 34 00 14 02 07 0D 37 39 00 00 81 27 2C 03 01 97 06 39 8A 01 19 BC 88 13 B2 04 17 03 E8 03 27 03 00 00 00 00 00 00 00 00 00 00 06 04 00 00 06 00 00 D6 81 38 D5 66 40 EF 
[13:55:57.452] F8 F8 B0 F0 08 00 00 00 00 34 00 14 02 07 0D 37 3A 00 00 81 27 2C 03 01 97 06 39 8A 01 19 BC 88 13 B2 04 17 03 E8 03 1C 03 00 00 00 00 00 00 00 00 00 00 06 03 00 00 06 00 00 DA B4 38 D5 66 B4 AA 
[13:55:57.953] F8 F8 B0 F0 08 00 00 00 00 34 00 14 02 07 0D 37 3A 00 00 81 27 2C 03 01 97 06 39 8A 01 19 BC 89 13 B2 04 16 03 E8 03 1C 03 00 00 00 00 00 00 00 00 00 00 06 03 00 00 06 00 00 DE E6 38 D5 66 33 C6 
[13:55:58.449] F8 F8 B0 F0 08 00 00 00 00 34 00 14 02 07 0D 37 3B 00 00 81 27 2C 03 01 97 06 39 8A 01 19 BC 89 13 B2 04 16 03 E8 03 2E 03 00 00 00 00 00 00 00 00 00 00 06 03 00 00 06 00 00 E2 17 39 D5 66 2E FC 
[13:55:58.950] F8 F8 B0 F0 08 00 00 00 00 34 00 14 02 07 0D 37 3B 00 00 81 27 2C 03 01 97 06 39 8A 01 19 BC 89 13 B2 04 16 03 E8 03 2E 03 00 00 00 00 00 00 00 00 00 00 06 04 00 00 06 00 00 E6 49 39 D5 66 F4 8B 
[13:55:59.451] F8 F8 B0 F0 08 00 00 00 00 34 00 14 02 07 0D 38 00 00 00 81 27 2C 03 01 97 06 39 8A 01 19 BC 89 13 B2 04 16 03 E8 03 12 03 00 00 00 00 00 00 00 00 00 00 06 04 00 00 06 00 00 EA 7C 39 D5 66 9C DE 
[13:55:59.953] F8 F8 B0 F0 08 00 00 00 00 34 00 14 02 07 0D 38 00 00 00 81 27 2C 03 01 97 06 39 8A 01 19 BC 89 13 B2 04 16 03 E8 03 12 03 00 00 00 00 00 00 00 00 00 00 06 04 00 00 06 00 00 EE AE 39 D5 66 F1 12 
[13:56:00.453] F8 F8 B0 F0 08 00 00 00 00 34 00 14 02 07 0D 38 00 00 00 81 27 2C 03 01 97 06 39 8A 01 19 BC 89 13 B2 04 16 03 E8 03 0C 03 00 00 00 00 00 00 00 00 00 00 06 04 00 00 06 00 00 02 E0 39 D5 66 70 34 
[13:56:00.953] F8 F8 B0 F0 08 00 00 00 00 34 00 14 02 07 0D 38 00 00 00 81 27 2C 03 01 97 06 39 8A 01 19 BC 89 13 B2 04 16 03 E8 03 0C 03 00 00 00 00 00 00 00 00 00 00 06 04 00 00 06 00 00 06 12 3A D5 66 03 96 
[13:56:01.453] F8 F8 B0 F0 08 00 00 00 00 34 00 14 02 07 0D 38 01 00 00 81 27 2C 03 01 97 06 39 8A 01 19 BC 89 13 B2 04 16 03 E8 03 2F 03 00 00 00 00 00 00 00 00 00 00 06 03 00 00 06 00 00 0A 44 3A D5 66 76 72 
[13:56:01.960] F8 F8 B0 F0 08 00 00 00 00 34 00 14 02 07 0D 38 02 00 00 81 27 2C 03 01 97 06 39 8A 01 19 BC 89 13 B2 04 16 03 E8 03 2F 03 00 00 00 00 00 00 00 00 00 00 06 03 00 00 06 00 00 0E 76 3A D5 66 F6 7C 
[13:56:02.450] F8 F8 B0 F0 08 00 00 00 00 34 00 14 02 07 0D 38 02 00 00 81 27 2C 03 01 97 06 39 8A 01 19 BC 89 13 B2 04 15 03 E8 03 21 03 00 00 00 00 00 00 00 00 00 00 06 03 00 00 06 00 00 12 A7 3A D5 66 BF 5A 
[13:56:02.958] F8 F8 B0 F0 08 00 00 00 00 34 00 14 02 07 0D 38 03 00 00 81 27 2C 03 01 97 06 39 8A 01 19 BC 89 13 B2 04 15 03 E8 03 21 03 00 00 00 00 00 00 00 00 00 00 06 03 00 00 06 00 00 16 DA 3A D5 66 A8 65 
[13:56:03.454] F8 F8 B0 F0 08 00 00 00 00 34 00 14 02 07 0D 38 03 00 00 81 27 2C 03 01 97 06 39 8A 01 19 BC 89 13 B2 04 16 03 E8 03 0D 03 00 00 00 00 00 00 00 00 00 00 06 03 00 00 06 00 00 1A 0B 3B D5 66 2B 9E 
[13:56:03.953] F8 F8 B0 F0 08 00 00 00 00 34 00 14 02 07 0D 38 04 00 00 81 27 2C 03 01 97 06 39 8A 01 19 BC 89 13 B2 04 16 03 E8 03 0D 03 00 00 00 00 00 00 00 00 00 00 06 03 00 00 06 00 00 1E 3D 3B D5 66 B1 5D 
[13:56:04.453] F8 F8 B0 F0 08 00 00 00 00 34 00 14 02 07 0D 38 04 00 00 81 27 2C 03 01 97 06 39 8A 01 19 BC 89 13 B2 04 16 03 E8 03 20 03 00 00 00 00 00 00 00 00 00 00 06 03 00 00 06 00 00 22 6F 3B D5 66 B7 81 
[13:56:04.952] F8 F8 B0 F0 08 00 00 00 00 34 00 14 02 07 0D 38 05 00 00 81 27 2C 03 01 97 06 39 8A 01 19 BC 89 13 B2 04 17 03 E8 03 20 03 00 00 00 00 00 00 00 00 00 00 06 04 00 00 06 00 00 26 A1 3B D5 66 84 D9 
[13:56:05.452] F8 F8 B0 F0 08 00 00 00 00 34 00 14 02 07 0D 38 05 00 00 81 27 2C 03 01 97 06 39 8A 01 19 BC 89 13 B2 04 17 03 E8 03 2A 03 00 00 00 00 00 00 00 00 00 00 06 03 00 00 06 00 00 2A D3 3B D5 66 30 12 
[13:56:05.951] F8 F8 B0 F0 08 00 00 00 00 34 00 14 02 07 0D 38 06 00 00 81 27 2C 03 01 97 06 39 8A 01 19 BC 89 13 B2 04 17 03 E8 03 2A 03 00 00 00 00 00 00 00 00 00 00 06 03 00 00 06 00 00 2E 05 3C D5 66 3B D7 
[13:56:06.450] F8 F8 B0 F0 08 00 00 00 00 34 00 14 02 07 0D 38 06 00 00 81 27 2C 03 01 97 06 39 8A 01 19 BC 89 13 B2 04 16 03 E8 03 2A 03 00 00 00 00 00 00 00 00 00 00 06 03 00 00 06 00 00 32 37 3C D5 66 5F BD 
[13:56:06.951] F8 F8 B0 F0 08 00 00 00 00 34 00 14 02 07 0D 38 07 00 00 81 27 2C 03 01 97 06 39 8A 01 19 BC 8A 13 B2 04 17 03 E8 03 2A 03 00 00 00 00 00 00 00 00 00 00 06 03 00 00 06 00 00 36 69 3C D5 66 84 E1 
[13:56:07.453] F8 F8 B0 F0 08 00 00 00 00 34 00 14 02 07 0D 38 08 00 00 81 27 2C 03 01 97 06 39 8A 01 19 BC 89 13 B2 04 17 03 E8 03 14 03 00 00 00 00 00 00 00 00 00 00 06 03 00 00 06 00 00 3A 9C 3C D5 66 91 36 
[13:56:07.970] F8 F8 B0 F0 08 00 00 00 00 34 00 14 02 07 0D 38 08 00 00 81 27 2C 03 01 97 06 39 8A 01 19 BC 89 13 B2 04 17 03 E8 03 14 03 00 00 00 00 00 00 00 00 00 00 06 04 00 00 06 00 00 3E CF 3C D5 66 CD 78 
[13:56:08.471] F8 F8 B0 F0 08 00 00 00 00 34 00 14 02 07 0D 38 09 00 00 81 27 2C 03 01 97 06 39 8A 01 19 BC 89 13 B2 04 17 03 E8 03 2E 03 00 00 00 00 00 00 00 00 00 00 06 03 00 00 06 00 00 42 01 3D D5 66 3B 2A 
[13:56:08.972] F8 F8 B0 F0 08 00 00 00 00 34 00 14 02 07 0D 38 09 00 00 81 27 2C 03 01 97 06 39 8A 01 19 BC 89 13 B2 04 17 03 E8 03 17 03 00 00 00 00 00 00 00 00 00 00 06 04 00 00 06 00 00 46 33 3D D5 66 CE 14 
[13:56:09.470] F8 F8 B0 F0 08 00 00 00 00 34 00 14 02 07 0D 38 0A 00 00 81 27 2C 03 01 97 06 39 8A 01 19 BC 89 13 B2 04 16 03 E8 03 17 03 00 00 00 00 00 00 00 00 00 00 06 04 00 00 06 00 00 4A 65 3D D5 66 D4 AF 
[13:56:09.971] F8 F8 B0 F0 08 00 00 00 00 34 00 14 02 07 0D 38 0A 00 00 81 27 2C 03 01 97 06 39 8A 01 19 BC 89 13 B2 04 17 03 E8 03 35 03 00 00 00 00 00 00 00 00 00 00 06 03 00 00 06 00 00 4E 97 3D D5 66 7E B7 
[13:56:10.471] F8 F8 B0 F0 08 00 00 00 00 34 00 14 02 07 0D 38 0B 00 00 81 27 2C 03 01 97 06 39 8A 01 19 BC 89 13 B2 04 17 03 E8 03 35 03 00 00 00 00 00 00 00 00 00 00 06 04 00 00 06 00 00 52 C9 3D D5 66 31 0B 
[13:56:10.973] F8 F8 B0 F0 08 00 00 00 00 34 00 14 02 07 0D 38 0B 00 00 81 27 2C 03 01 97 06 39 8A 01 19 BC 89 13 B2 04 17 03 E8 03 23 03 00 00 00 00 00 00 00 00 00 00 06 03 00 00 06 00 00 56 FB 3D D5 66 52 98 
[13:56:11.473] F8 F8 B0 F0 08 00 00 00 00 34 00 14 02 07 0D 38 0B 00 00 81 27 2C 03 01 97 06 39 8A 01 19 BC 89 13 B2 04 16 03 E8 03 23 03 00 00 00 00 00 00 00 00 00 00 06 04 00 00 06 00 00 5A 2D 3E D5 66 9A C8 
[13:56:11.970] F8 F8 B0 F0 08 00 00 00 00 34 00 14 02 07 0D 38 0B 00 00 81 27 2C 03 01 97 06 39 8A 01 19 BC 89 13 B2 04 16 03 E8 03 17 03 00 00 00 00 00 00 00 00 00 00 06 03 00 00 06 00 00 5E 5F 3E D5 66 C5 DB 
[13:56:12.469] F8 F8 B0 F0 08 00 00 00 00 34 00 14 02 07 0D 38 0C 00 00 81 27 2C 03 01 97 06 39 8A 01 19 BC 89 13 B2 04 16 03 E8 03 17 03 00 00 00 00 00 00 00 00 00 00 06 03 00 00 06 00 00 62 91 3E D5 66 12 0C 
[13:56:12.968] F8 F8 B0 F0 08 00 00 00 00 34 00 14 02 07 0D 38 0D 00 00 81 27 2C 03 01 97 06 39 8A 01 19 BC 89 13 B2 04 16 03 E8 03 28 03 00 00 00 00 00 00 00 00 00 00 06 04 00 00 06 00 00 66 C3 3E D5 66 DD 14 
[13:56:13.469] F8 F8 B0 F0 08 00 00 00 00 34 00 14 02 07 0D 38 0D 00 00 81 27 2C 03 01 97 06 39 8A 01 19 BC 88 13 B2 04 16 03 E8 03 28 03 00 00 00 00 00 00 00 00 00 00 06 03 00 00 06 00 00 6A F5 3E D5 66 7D E4 
[13:56:13.972] F8 F8 B0 F0 08 00 00 00 00 34 00 14 02 07 0D 38 0E 00 00 81 27 2C 03 01 97 06 39 8A 01 19 BC 89 13 B2 04 16 03 E8 03 2F 03 00 00 00 00 00 00 00 00 00 00 06 03 00 00 06 00 00 6E 27 3F D5 66 68 85 
[13:56:14.473] F8 F8 B0 F0 08 00 00 00 00 34 00 14 02 07 0D 38 0E 00 00 81 27 2C 03 01 97 06 39 8A 01 19 BC 89 13 B2 04 16 03 E8 03 2F 03 00 00 00 00 00 00 00 00 00 00 06 03 00 00 06 00 00 72 59 3F D5 66 36 EA 
[13:56:14.970] F8 F8 B0 F0 08 00 00 00 00 34 00 14 02 07 0D 38 0F 00 00 81 27 2C 03 01 97 06 39 8A 01 19 BC 88 13 B2 04 16 03 E8 03 10 03 00 00 00 00 00 00 00 00 00 00 06 03 00 00 06 00 00 76 8B 3F D5 66 3A 5F 
[13:56:15.470] F8 F8 B0 F0 08 00 00 00 00 34 00 14 02 07 0D 38 0F 00 00 81 27 2C 03 01 97 06 39 8A 01 19 BC 88 13 B2 04 15 03 E8 03 10 03 00 00 00 00 00 00 00 00 00 00 06 03 00 00 06 00 00 7A BD 3F D5 66 DD B2 
[13:56:15.973] F8 F8 B0 F0 08 00 00 00 00 34 00 14 02 07 0D 38 10 00 00 81 27 2C 03 01 97 06 39 8A 01 19 BC 88 13 B2 04 15 03 E8 03 1B 03 00 00 00 00 00 00 00 00 00 00 06 03 00 00 06 00 00 7E EF 3F D5 66 22 03 
[13:56:16.470] F8 F8 B0 F0 08 00 00 00 00 34 00 14 02 07 0D 38 10 00 00 81 27 2C 03 01 97 06 39 8A 01 19 BC 88 13 B2 04 16 03 E8 03 1B 03 00 00 00 00 00 00 00 00 00 00 06 03 00 00 06 00 00 82 21 40 D5 66 24 3F 
[13:56:16.969] F8 F8 B0 F0 08 00 00 00 00 34 00 14 02 07 0D 38 11 00 
[13:56:16.997] 00 81 27 2C 03 01 97 06 39 8A 01 19 BC 88 13 B2 04 15 03 E8 03 2A 03 00 00 00 00 00 00 00 00 00 00 06 03 00 00 06 00 00 86 53 40 D5 66 97 4E 
[13:56:17.469] F8 F8 B0 F0 08 00 00 00 00 34 00 14 02 07 0D 38 11 00 00 81 27 2C 03 01 97 06 39 8A 01 19 BC 88 13 B2 04 15 03 E8 03 2A 03 00 00 00 00 00 00 00 00 00 00 06 03 00 00 06 00 00 8A 85 40 D5 66 26 4A 
[13:56:17.969] F8 F8 B0 F0 08 00 00 00 00 34 00 14 02 07 0D 38 12 00 
[13:56:17.996] 00 81 27 2C 03 01 97 06 39 8A 01 19 BC 89 13 B2 04 14 03 E8 03 17 03 00 00 00 00 00 00 00 00 00 00 06 03 00 00 06 00 00 8E B7 40 D5 66 B7 BA 
[13:56:18.496] F8 F8 B0 F0 08 00 00 00 00 34 00 14 02 07 0D 38 13 00 00 81 27 2C 03 01 97 06 39 8A 01 19 BC 89 13 B2 04 14 03 E8 03 17 03 00 00 00 00 00 00 00 00 00 00 06 03 00 00 06 00 00 92 EB 40 D5 66 2D C2 
[13:56:18.970] F8 F8 B0 F0 08 00 00 00 00 34 00 14 02 07 0D 38 13 00 00 81 27 2C 03 01 97 06 39 8A 01 19 BC 89 13 B2 04 14 03 E8 03 28 03 00 00 00 00 00 00 00 00 00 00 06 04 00 00 06 00 00 96 1B 41 D5 66 2E 27 
[13:56:19.493] F8 F8 B0 F0 08 00 00 00 00 34 00 14 02 07 0D 38 14 00 00 81 27 2C 03 01 97 06 39 8A 01 19 BC 89 13 B2 04 14 03 E8 03 28 03 00 00 00 00 00 00 00 00 00 00 06 03 00 00 06 00 00 9A 4F 41 D5 66 9E 7B 
[13:56:19.993] F8 F8 B0 F0 08 00 00 00 00 34 00 14 02 07 0D 38 14 00 00 81 27 2C 03 01 97 06 39 8A 01 19 BC 89 13 B2 04 14 03 E8 03 2F 03 00 00 00 00 00 00 00 00 00 00 06 03 00 00 06 00 00 9E 81 41 D5 66 6F 66 
[13:56:20.494] F8 F8 B0 F0 08 00 
[13:56:20.512] 00 00 00 34 00 14 02 07 0D 38 15 00 00 81 27 2C 03 01 97 06 39 8A 01 19 BC 89 13 B2 04 13 03 E8 03 2F 03 00 00 00 00 00 00 00 00 00 00 06 03 00 00 06 00 00 A2 B3 41 D5 66 25 12 