bat bypass len

[12:55:40.731] F8 F8 C0 F0 08 00 00 00 00 97 00 14 02 0B 0C 37 2B 00 00 C1 A7 00 01 01 97 06 2B 05 09 95 00 00 00 00 00 00 00 00 00 00 00 00 00 00 00 00 00 00 00 00 00 02 00 2B 01 31 01 40 06 FE FF 00 00 00 00 00 00 00 00 00 00 00 00 00 00 00 00 00 00 00 00 00 00 00 00 00 00 00 0E 00 00 00 00 00 00 00 00 00 00 00 00 00 00 00 00 00 00 00 00 00 00 00 00 00 00 00 00 00 00 00 00 00 00 00 00 00 00 00 00 00 00 00 00 00 00 00 00 00 00 00 00 00 00 00 00 00 00 00 00 00 78 00 00 00 7D 16 43 78 6F FB 2D 35 20 70 
[12:55:41.231] F8 F8 C0 F0 08 00 00 00 00 97 00 14 02 0B 0C 37 2C 00 00 C1 A7 00 01 01 97 06 2B 05 09 95 00 00 00 00 00 00 00 00 00 00 00 00 00 00 00 00 00 00 00 00 00 02 00 2B 01 31 01 40 06 FE FF 00 00 00 00 00 00 00 00 00 00 00 00 00 00 00 00 00 00 00 00 00 00 00 00 00 00 00 0E 00 00 00 00 00 00 00 00 00 00 00 00 00 00 00 00 00 00 00 00 00 00 00 00 00 00 00 00 00 00 00 00 00 00 00 00 00 00 00 00 00 00 00 00 00 00 00 00 00 00 00 00 00 00 00 00 00 00 00 00 00 7C 00 00 00 AF 16 43 78 6F FB 2D 35 D6 5E 
[12:55:41.731] F8 F8 C0 F0 08 00 00 00 00 97 00 14 02 0B 0C 37 2C 00 00 C1 A7 00 01 01 97 06 2B 05 09 95 00 00 00 00 00 00 00 00 00 00 00 00 00 00 00 00 00 00 00 00 00 01 00 2B 01 30 01 40 06 FE FF 00 00 00 00 00 00 00 00 00 00 00 00 00 00 00 00 00 00 00 00 00 00 00 00 00 00 00 0E 00 00 00 00 00 00 00 00 00 00 00 00 00 00 00 00 00 00 00 00 00 00 00 00 00 00 00 00 00 00 00 00 00 00 00 00 00 00 00 00 00 00 00 00 00 00 00 00 00 00 00 00 00 00 00 00 00 00 00 00 00 80 00 00 00 E1 16 43 78 6F FB 2D 35 D8 10 
[12:55:42.231] F8 F8 C0 F0 08 00 00 00 00 97 00 14 02 0B 0C 37 2C 00 00 C1 A7 00 01 01 97 06 2B 05 09 95 00 00 00 00 00 00 00 00 00 00 00 00 00 00 00 00 00 00 00 00 00 02 00 2B 01 30 01 40 06 FE FF 00 00 00 00 00 00 00 00 00 00 00 00 00 00 00 00 00 00 00 00 00 00 00 00 00 00 00 0E 00 00 00 00 00 00 00 00 00 00 00 00 00 00 00 00 00 00 00 00 00 00 00 00 00 00 00 00 00 00 00 00 00 00 00 00 00 00 00 00 00 00 00 00 00 00 00 00 00 00 00 00 00 00 00 00 00 00 00 00 00 84 00 00 
[12:55:42.403] 00 13 17 43 78 6F FB 2D 35 28 2B 
[12:55:42.715] F8 F8 C0 F0 08 00 00 00 00 97 00 14 02 0B 0C 37 2C 00 00 C1 A7 00 01 01 97 06 2B 05 09 95 00 00 00 00 00 00 00 00 00 00 00 00 00 00 00 00 00 00 00 00 00 02 00 2B 01 30 01 40 06 FE FF 00 00 00 00 00 00 00 00 00 00 00 00 00 00 00 00 00 00 00 00 00 00 00 00 00 00 00 0E 00 00 00 00 00 00 00 00 00 00 00 00 00 00 00 00 00 00 00 00 00 00 00 00 00 00 00 00 00 00 00 00 00 00 00 00 00 00 00 00 00 00 00 00 00 00 00 00 00 00 00 00 00 00 00 00 00 00 00 00 00 88 00 00 00 44 17 43 78 6F FB 2D 35 28 31 
[12:55:43.231] F8 F8 C0 F0 08 00 00 00 00 97 00 14 02 0B 0C 37 2D 00 00 C1 A7 00 01 01 97 06 2B 05 09 95 00 00 00 00 00 00 00 00 00 00 00 00 00 00 00 00 00 00 00 00 00 03 00 2B 01 31 01 40 06 FE FF 00 00 00 00 00 00 00 00 00 00 00 00 00 00 00 00 00 00 00 00 00 00 00 00 00 00 00 0E 00 00 00 00 00 00 00 00 00 00 00 00 00 00 00 00 00 00 00 00 00 00 00 00 00 00 00 00 00 00 00 00 00 00 00 00 00 00 00 00 00 00 00 00 00 00 00 00 00 00 00 00 00 00 00 00 00 00 00 00 00 8C 00 00 00 77 17 43 78 6F FB 2D 35 9C 73 
[12:55:43.731] F8 F8 C0 F0 08 00 00 00 00 97 00 14 02 0B 0C 37 2D 00 00 C1 A7 00 01 01 97 06 2B 05 09 95 00 00 00 00 00 00 00 00 00 00 00 00 00 00 00 00 00 00 00 00 00 02 00 2B 01 31 01 40 06 FE FF 00 00 00 00 00 00 00 00 00 00 00 00 00 00 00 00 00 00 00 00 00 00 00 00 00 00 00 0E 00 00 00 00 00 00 00 00 00 00 00 00 00 00 00 00 00 00 00 00 00 00 00 00 00 00 00 00 00 00 00 00 00 00 00 00 00 00 00 00 00 00 00 00 00 00 00 00 00 00 00 00 00 00 00 00 00 00 00 00 00 90 00 00 00 A9 17 43 78 6F FB 2D 35 81 31 
[12:55:44.215] F8 F8 C0 F0 08 00 00 00 00 97 00 14 02 0B 0C 37 2E 00 00 C1 A7 00 01 01 97 06 2B 05 09 95 00 00 00 00 00 00 00 00 00 00 00 00 00 00 00 00 00 00 00 00 00 02 00 2B 01 31 01 40 06 FE FF 00 00 00 00 00 00 00 00 00 00 00 00 00 00 00 00 00 00 00 00 00 00 00 00 00 00 00 0E 00 00 00 00 00 00 00 00 00 00 00 00 00 00 00 00 00 00 00 00 00 00 00 00 00 00 00 00 00 00 00 00 00 00 00 00 00 00 00 00 00 00 00 00 00 00 00 00 00 00 00 00 00 00 00 00 00 00 00 00 00 94 00 00 00 DA 17 43 78 6F FB 2D 35 6C AD 
[12:55:44.731] F8 F8 C0 F0 08 00 00 00 00 97 00 14 02 0B 0C 37 2E 00 00 C1 A7 00 01 01 97 06 2B 05 09 95 00 00 00 00 00 00 00 00 00 00 00 00 00 00 00 00 00 00 00 00 00 02 00 2B 01 31 01 40 06 FE FF 00 00 00 00 00 00 00 00 00 00 00 00 00 00 00 00 00 00 00 00 00 00 00 00 00 00 00 0E 00 00 00 00 00 00 00 00 00 00 00 00 00 00 00 00 00 00 00 00 00 00 00 00 00 00 00 00 00 00 00 00 00 00 00 00 00 00 00 00 00 00 00 00 00 00 00 00 00 00 00 00 00 00 00 00 00 00 00 00 00 98 00 00 00 0D 18 43 78 6F FB 2D 35 04 C0 
[12:55:45.230] F8 F8 C0 F0 08 00 00 00 00 97 00 14 02 0B 0C 37 2F 00 00 C1 A7 00 01 01 97 06 2B 05 09 95 00 00 00 00 00 00 00 00 00 00 00 00 00 00 00 00 00 00 00 00 00 03 00 2B 01 31 01 40 06 FE FF 00 00 00 00 00 00 00 00 00 00 00 00 00 00 00 00 00 00 00 00 00 00 00 00 00 00 00 0E 00 00 00 00 00 00 00 00 00 00 00 00 00 00 00 00 00 00 00 00 00 00 00 00 00 00 00 00 00 00 00 00 00 00 00 00 00 00 00 00 00 00 00 00 00 00 00 00 00 00 00 00 00 00 00 00 00 00 00 00 00 9C 00 00 00 3E 18 43 78 6F FB 2D 35 7C D0 
[12:55:45.730] F8 F8 C0 F0 08 00 00 00 00 97 00 14 02 0B 0C 37 30 00 00 C1 A7 00 01 01 97 06 2B 05 09 95 00 00 00 00 00 00 00 00 00 00 00 00 00 00 00 00 00 00 00 00 00 04 00 2B 01 31 01 40 06 FE FF 00 00 00 00 00 00 00 00 00 00 00 00 00 00 00 00 00 00 00 00 00 00 00 00 00 00 00 0E 00 00 00 00 00 00 00 00 00 00 00 00 00 00 00 00 00 00 00 00 00 00 00 00 00 00 00 00 00 00 00 00 00 00 00 00 00 00 00 00 00 00 00 00 00 00 00 00 00 00 00 00 00 00 00 00 00 00 00 00 00 A0 00 00 00 71 18 43 78 6F FB 2D 35 7D 43 
[12:55:46.230] F8 F8 C0 F0 08 00 00 00 00 97 00 14 02 0B 0C 37 30 00 00 C1 A7 00 01 01 97 06 2B 05 09 95 00 00 00 00 00 00 00 00 00 00 00 00 00 00 00 00 00 00 00 00 00 03 00 2B 01 31 01 40 06 FE FF 00 00 00 00 00 00 00 00 00 00 00 00 00 00 00 00 00 00 00 00 00 00 00 00 00 00 00 0E 00 00 00 00 00 00 00 00 00 00 00 00 00 00 00 00 00 00 00 00 00 00 00 00 00 00 00 00 00 00 00 00 00 00 00 00 00 00 00 00 00 00 00 00 00 00 00 00 00 00 00 00 00 00 00 00 00 00 00 00 00 A4 00 00 00 A3 18 43 78 6F FB 2D 35 F3 A4 
[12:55:46.730] F8 F8 C0 F0 08 00 00 00 00 97 00 14 02 0B 0C 37 31 00 00 C1 A7 00 01 01 97 06 2B 05 09 95 00 00 00 00 00 00 00 00 00 00 00 00 00 00 00 00 00 00 00 00 00 02 00 2B 01 31 01 40 06 FE FF 00 00 00 00 00 00 00 00 00 00 00 00 00 00 00 00 00 00 00 00 00 00 00 00 00 00 00 0E 00 00 00 00 00 00 00 00 00 00 00 00 00 00 00 00 00 00 00 00 00 00 00 00 00 00 00 00 00 00 00 00 00 00 00 00 00 00 00 00 00 00 00 00 00 00 00 00 00 00 00 00 00 00 00 00 00 00 00 00 00 A8 00 00 00 D5 18 43 78 6F FB 2D 35 4D 11 
[12:55:47.230] F8 F8 C0 F0 08 00 00 00 00 97 00 14 02 0B 0C 37 31 00 00 C1 A7 00 01 01 97 06 2B 05 09 95 00 00 00 00 00 00 00 00 00 00 00 00 00 00 00 00 00 00 00 00 00 03 00 2B 01 31 01 40 06 FE FF 00 00 00 00 00 00 00 00 00 00 00 00 00 00 00 00 00 00 00 00 00 00 00 00 00 00 00 0E 00 00 00 00 00 00 00 00 00 00 00 00 00 00 00 00 00 00 00 00 00 00 00 00 00 00 00 00 00 00 00 00 00 00 00 00 00 00 00 00 00 00 00 00 00 00 00 00 00 00 00 00 00 00 00 00 00 00 00 00 00 AC 00 00 00 07 19 43 78 6F FB 2D 35 7E D6 
[12:55:47.730] F8 F8 C0 F0 08 00 00 00 00 97 00 14 02 0B 0C 37 32 00 00 C1 A7 00 01 01 97 06 2B 05 09 95 00 00 00 00 00 00 00 00 00 00 00 00 00 00 00 00 00 00 00 00 00 04 00 2B 01 31 01 40 06 FE FF 00 00 00 00 00 00 00 00 00 00 00 00 00 00 00 00 00 00 00 00 00 00 00 00 00 00 00 0E 00 00 00 00 00 00 00 00 00 00 00 00 00 00 00 00 00 00 00 00 00 00 00 00 00 00 00 00 00 00 00 00 00 00 00 00 00 00 00 00 00 00 00 00 00 00 00 00 00 00 00 00 00 00 00 00 00 00 00 00 00 B0 00 00 00 39 19 43 78 6F FB 2D 35 C6 95 
[12:55:48.245] F8 F8 C0 F0 08 00 00 00 00 97 00 14 02 0B 0C 37 32 00 00 C1 A7 00 01 01 97 06 2B 05 09 95 00 00 00 00 00 00 00 00 00 00 00 00 00 00 00 00 00 00 00 00 00 04 00 2B 01 31 01 40 06 FE FF 00 00 00 00 00 00 00 00 00 00 00 00 00 00 00 00 00 00 00 00 00 00 00 00 00 00 00 0E 00 00 00 00 00 00 00 00 00 00 00 00 00 00 00 00 00 00 00 00 00 00 00 00 00 00 00 00 00 00 00 00 00 00 00 00 00 00 00 00 00 00 00 00 00 00 00 00 00 00 00 00 00 00 00 00 00 00 00 00 00 B4 00 00 00 6D 19 43 78 6F FB 2D 35 1B 5C 
[12:55:48.745] F8 F8 C0 F0 08 00 00 00 00 97 00 14 02 0B 0C 37 33 00 00 C1 A7 00 01 01 97 06 2B 05 09 95 00 00 00 00 00 00 00 00 00 00 00 00 00 00 00 00 00 00 00 00 00 04 00 2B 01 31 01 40 06 FE FF 00 00 00 00 00 00 00 00 00 00 00 00 00 00 00 00 00 00 00 00 00 00 00 00 00 00 00 0E 00 00 00 00 00 00 00 00 00 00 00 00 00 00 00 00 00 00 00 00 00 00 00 00 00 00 00 00 00 00 00 00 00 00 00 00 00 00 00 00 00 00 00 00 00 00 00 00 00 00 00 00 00 00 00 00 00 00 00 00 00 B8 00 00 00 9E 19 43 78 6F FB 2D 35 5F 97 
[12:55:49.245] F8 F8 C0 F0 08 00 00 00 00 97 00 14 02 0B 0C 37 34 00 00 C1 A7 00 01 01 97 06 2B 05 09 95 00 00 00 00 00 00 00 00 00 00 00 00 00 00 00 00 00 00 00 00 00 03 00 2B 01 31 01 40 06 FE FF 00 00 00 00 00 00 00 00 00 00 00 00 00 00 00 00 00 00 00 00 00 00 00 00 00 00 00 0E 00 00 00 00 00 00 00 00 00 00 00 00 00 00 00 00 00 00 00 00 00 00 00 00 00 00 00 00 00 00 00 00 00 00 00 00 00 00 00 00 00 00 00 00 00 00 00 00 00 00 00 00 00 00 00 00 00 00 00 00 00 BC 00 00 00 D1 19 43 78 6F FB 2D 35 E1 7C 
[12:55:49.745] F8 F8 C0 F0 08 00 00 00 00 97 00 14 02 0B 0C 37 34 00 00 C1 A7 00 01 01 97 06 2B 05 09 95 00 00 00 00 00 00 00 00 00 00 00 00 00 00 00 00 00 00 00 00 00 02 00 2B 01 31 01 40 06 FE FF 00 00 00 00 00 00 00 00 00 00 00 00 00 00 00 00 00 00 00 00 00 00 00 00 00 00 00 0E 00 00 00 00 00 00 00 00 00 00 00 00 00 00 00 00 00 00 00 00 00 00 00 00 00 00 00 00 00 00 00 00 00 00 00 00 00 00 00 00 00 00 00 00 00 00 00 00 00 00 00 00 00 00 00 00 00 00 00 00 00 C0 00 00 00 03 1A 43 78 6F FB 2D 35 29 44 
[12:55:50.245] F8 F8 C0 F0 08 00 00 00 00 97 00 14 02 0B 0C 37 35 00 00 C1 A7 00 01 01 97 06 2B 05 09 95 00 00 00 00 00 00 00 00 00 00 00 00 00 00 00 00 00 00 00 00 00 02 00 2B 01 31 01 40 06 FE FF 00 00 00 00 00 00 00 00 00 00 00 00 00 00 00 00 00 00 00 00 00 00 00 00 00 00 00 0E 00 00 00 00 00 00 00 00 00 00 00 00 00 00 00 00 00 00 00 00 00 00 00 00 00 00 00 00 00 00 00 00 00 00 00 00 00 00 00 00 00 00 00 00 00 00 00 00 00 00 00 00 00 00 00 00 00 00 00 00 00 C4 00 00 00 34 1A 43 78 6F FB 2D 35 F9 90 
[12:55:50.745] F8 F8 C0 F0 08 00 00 00 00 97 00 14 02 0B 0C 37 35 00 00 C1 A7 00 01 01 97 06 2B 05 09 95 00 00 00 00 00 00 00 00 00 00 00 00 00 00 00 00 00 00 00 00 00 02 00 2B 01 31 01 40 06 FE FF 00 00 00 00 00 00 00 00 00 00 00 00 00 00 00 00 00 00 00 00 00 00 00 00 00 00 00 0E 00 00 00 00 00 00 00 00 00 00 00 00 00 00 00 00 00 00 00 00 00 00 00 00 00 00 00 00 00 00 00 00 00 00 00 00 00 00 00 00 00 00 00 00 00 00 00 00 00 00 00 00 00 00 00 00 00 00 00 00 00 C8 00 00 00 66 1A 43 78 6F FB 2D 35 47 C2 
[12:55:51.245] F8 F8 C0 F0 08 00 00 00 00 97 00 14 02 0B 0C 37 35 00 00 C1 A7 00 01 01 97 06 2B 05 09 95 00 00 00 00 00 00 00 00 00 00 00 00 00 00 00 00 00 00 00 00 00 02 00 2B 01 31 01 40 06 FE FF 00 00 00 00 00 00 00 00 00 00 00 00 00 00 00 00 00 00 00 00 00 00 00 00 00 00 00 0E 00 00 00 00 00 00 00 00 00 00 00 00 00 00 00 00 00 00 00 00 00 00 00 00 00 00 00 00 00 00 00 00 00 00 00 00 00 00 00 00 00 00 00 00 00 00 00 00 00 00 00 00 00 00 00 00 00 00 00 00 00 CC 00 00 00 98 1A 43 78 6F FB 2D 35 0F 1C 
[12:55:51.744] F8 F8 C0 F0 08 00 00 00 00 97 00 14 02 0B 0C 37 35 00 00 C1 A7 00 01 01 97 06 2B 05 09 95 00 00 00 00 00 00 00 00 00 00 00 00 00 00 00 00 00 00 00 00 00 04 00 2B 01 31 01 40 06 FE FF 00 00 00 00 00 00 00 00 00 00 00 00 00 00 00 00 00 00 00 00 00 00 00 00 00 00 00 0E 00 00 00 00 00 00 00 00 00 00 00 00 00 00 00 00 00 00 00 00 00 00 00 00 00 00 00 00 00 00 00 00 00 00 00 00 00 00 00 00 00 00 00 00 00 00 00 00 00 00 00 00 00 00 00 00 00 00 00 00 00 D0 00 00 00 CB 1A 43 78 6F FB 2D 35 EE A6 
[12:55:52.244] F8 F8 C0 F0 08 00 00 00 00 97 00 14 02 0B 0C 37 36 00 00 C1 A7 00 01 01 97 06 2B 05 09 95 00 00 00 00 00 00 00 00 00 00 00 00 00 00 00 00 00 00 00 00 00 00 00 2B 01 30 01 40 06 FE FF 00 00 00 00 00 00 00 00 00 00 00 00 00 00 00 00 00 00 00 00 00 00 00 00 00 00 00 0E 00 00 00 00 00 00 00 00 00 00 00 00 00 00 00 00 00 00 00 00 00 00 00 00 00 00 00 00 00 00 00 00 00 00 00 00 00 00 00 00 00 00 00 00 00 00 00 00 00 00 00 00 00 00 00 00 00 00 00 00 00 D4 00 00 00 FD 1A 43 78 6F FB 2D 35 D6 C9 
[12:55:52.744] F8 F8 C0 F0 08 00 00 00 00 97 00 14 02 0B 0C 37 36 00 00 C1 A7 00 01 01 97 06 2B 05 09 95 00 00 00 00 00 00 00 00 00 00 00 00 00 00 00 00 00 00 00 00 00 01 00 2B 01 30 01 40 06 FE FF 00 00 00 00 00 00 00 00 00 00 00 00 00 00 00 00 00 00 00 00 00 00 00 00 00 00 00 0E 00 00 00 00 00 00 00 00 00 00 00 00 00 00 00 00 00 00 00 00 00 00 00 00 00 00 00 00 00 00 00 00 00 00 00 00 00 00 00 00 00 00 00 00 00 00 00 00 00 00 00 00 00 00 00 00 00 00 00 00 00 D8 00 00 00 2E 1B 43 78 6F FB 2D 35 9E 52 
[12:55:53.244] F8 F8 C0 F0 08 00 00 00 00 97 00 14 02 0B 0C 37 37 00 00 C1 A7 00 01 01 97 06 2B 05 09 95 00 00 00 00 00 00 00 00 00 00 00 00 00 00 00 00 00 00 00 00 00 9F 8C 2B 01 30 01 40 06 FE FF 00 00 00 00 00 00 00 00 00 00 00 00 00 00 00 00 00 00 00 00 00 00 00 00 00 00 00 0E 00 00 00 00 00 00 00 00 00 00 00 00 00 00 00 00 00 00 00 00 00 00 00 00 00 00 00 00 00 00 00 00 00 00 00 00 00 00 00 00 00 00 00 00 00 00 00 00 00 00 00 00 00 00 00 00 00 00 00 00 00 DC 00 00 00 60 1B 43 78 6F FB 2D 35 72 35 
[12:55:53.744] F8 F8 C0 F0 08 00 00 00 00 97 00 14 02 0B 0C 37 38 00 00 C1 A7 00 01 01 97 06 2B 05 09 95 00 00 00 00 00 00 00 00 00 00 00 00 00 00 00 00 00 00 00 00 00 03 00 2B 01 30 01 40 06 FE FF 00 00 00 00 00 00 00 00 00 00 00 00 00 00 00 00 00 00 00 00 00 00 00 00 00 00 00 0E 00 00 00 00 00 00 00 00 00 00 00 00 00 00 00 00 00 00 00 00 00 00 00 00 00 00 00 00 00 00 00 00 00 00 00 00 00 00 00 00 00 00 00 00 00 00 00 00 00 00 00 00 00 00 00 00 00 00 00 00 00 E0 00 00 00 93 1B 43 78 6F FB 2D 35 B7 5E 