ra load 


[12:59:31.130] F8 F8 C0 F0 08 00 00 00 00 97 00 14 02 0B 0C 3B 21 00 00 C1 87 40 01 01 86 06 2B 05 09 95 00 00 00 00 00 00 00 00 00 00 00 00 00 00 00 00 00 00 00 00 00 FF FF F2 00 00 00 00 00 CA FD 00 00 00 00 00 00 00 00 00 00 00 00 00 00 00 00 00 00 00 00 00 00 00 00 00 00 0E 00 00 00 00 00 00 00 00 00 00 00 00 00 00 00 00 00 00 00 00 00 00 00 00 00 00 00 00 00 00 00 00 00 00 00 00 00 00 00 00 00 00 00 00 00 00 00 00 00 00 00 00 00 00 00 00 00 00 00 00 00 00 2B 00 00 00 7C 70 43 78 6F FB 2D 35 70 14 
[12:59:31.630] F8 F8 C0 F0 08 00 00 00 00 97 00 14 02 0B 0C 3B 21 00 00 C1 87 40 01 01 86 06 2B 05 09 95 00 00 00 00 00 00 00 00 00 00 00 00 00 00 00 00 00 00 00 00 00 FF FF F2 00 00 00 00 00 CA FD 00 00 00 00 00 00 00 00 00 00 00 00 00 00 00 00 00 00 00 00 00 00 00 00 00 00 0E 00 00 00 00 00 00 00 00 00 00 00 00 00 00 00 00 00 00 00 00 00 00 00 00 00 00 00 00 00 00 00 00 00 00 00 00 00 00 00 00 00 00 00 00 00 00 00 00 00 00 00 00 00 00 00 00 00 00 00 00 00 00 2F 00 00 00 AF 70 43 78 6F FB 2D 35 34 E7 
[12:59:32.130] F8 F8 C0 F0 08 00 00 00 00 97 00 14 02 0B 0C 3B 22 00 00 C1 87 40 01 01 86 06 2B 05 09 95 00 00 00 00 00 00 00 00 00 00 00 00 00 00 00 00 00 00 00 00 00 FF FF F2 00 00 00 00 00 CA FD 00 00 00 00 00 00 00 00 00 00 00 00 00 00 00 00 00 00 00 00 00 00 00 00 00 00 0E 00 00 00 00 00 00 00 00 00 00 00 00 00 00 00 00 00 00 00 00 00 00 00 00 00 00 00 00 00 00 00 00 00 00 00 00 00 00 00 00 00 00 00 00 00 00 00 00 00 00 00 00 00 00 00 00 00 00 00 00 00 00 33 00 00 00 E1 70 43 78 6F FB 2D 35 99 47 
[12:59:32.630] F8 F8 C0 F0 08 00 00 00 00 97 00 14 02 0B 0C 3B 22 00 00 C1 87 40 01 01 86 06 2B 05 09 95 00 00 00 00 00 00 00 00 00 00 00 00 00 00 00 00 00 00 00 00 00 FF FF F2 00 00 00 00 00 CA FD 00 00 00 00 00 00 00 00 00 00 00 00 00 00 00 00 00 00 00 00 00 00 00 00 00 00 0E 00 00 00 00 00 00 00 00 00 00 00 00 00 00 00 00 00 00 00 00 00 00 00 00 00 00 00 00 00 00 00 00 00 00 00 00 00 00 00 00 00 00 00 00 00 00 00 00 00 00 00 00 00 00 00 00 00 00 00 00 00 00 37 00 00 00 13 71 43 78 6F FB 2D 35 07 30 
[12:59:33.130] F8 F8 C0 F0 08 00 00 00 00 97 00 14 02 0B 0C 3B 23 00 00 C1 87 40 01 01 86 06 2B 05 09 95 00 00 00 00 00 00 00 00 00 00 00 00 00 00 00 00 00 00 00 00 00 FF FF F2 00 00 00 00 00 CA FD 00 00 00 00 00 00 00 00 00 00 00 00 00 00 00 00 00 00 00 00 00 00 00 00 00 00 0E 00 00 00 00 00 00 00 00 00 00 00 00 00 00 00 00 00 00 00 00 00 00 00 00 00 00 00 00 00 00 00 00 00 00 00 00 00 00 00 00 00 00 00 00 00 00 00 00 00 00 00 00 00 00 00 00 00 00 00 00 00 00 3B 00 00 00 44 71 43 78 6F FB 2D 35 C7 72 
[12:59:33.630] F8 F8 C0 F0 08 00 00 00 00 97 00 14 02 0B 0C 3B 24 00 00 C1 87 40 01 01 86 06 2B 05 09 95 00 00 00 00 00 00 00 00 00 00 00 00 00 00 00 00 00 00 00 00 00 FF FF F2 00 00 00 00 00 CA FD 00 00 00 00 00 00 00 00 00 00 00 00 00 00 00 00 00 00 00 00 00 00 00 00 00 00 0E 00 00 00 00 00 00 00 00 00 00 00 00 00 00 00 00 00 00 00 00 00 00 00 00 00 00 00 00 00 00 00 00 00 00 00 00 00 00 00 00 00 00 00 00 00 00 00 00 00 00 00 00 00 00 00 00 00 00 00 00 00 00 3F 00 00 00 76 71 43 78 6F FB 2D 35 08 2C 
[12:59:34.129] F8 F8 C0 F0 08 00 00 00 00 97 00 14 02 0B 0C 3B 24 00 00 C1 87 40 01 01 86 06 2B 05 09 95 00 00 00 00 00 00 00 00 00 00 00 00 00 00 00 00 00 00 00 00 00 FF FF F2 00 00 00 00 00 CA FD 00 00 00 00 00 00 00 00 00 00 00 00 00 00 00 00 00 00 00 00 00 00 00 00 00 00 0E 00 00 00 00 00 00 00 00 00 00 00 00 00 00 00 00 00 00 00 00 00 00 00 00 00 00 00 00 00 00 00 00 00 00 00 00 00 00 00 00 00 00 00 00 00 00 00 00 00 00 00 00 00 00 00 00 00 00 00 00 00 00 43 00 00 00 A8 71 43 78 6F FB 2D 35 30 16 
[12:59:34.629] F8 F8 C0 F0 08 00 00 00 00 97 00 14 02 0B 0C 3B 25 00 00 C1 87 40 01 01 86 06 2B 05 09 95 00 00 00 00 00 00 00 00 00 00 00 00 00 00 00 00 00 00 00 00 00 FF FF F2 00 74 00 00 00 CA FD 00 00 00 00 00 00 00 00 00 00 00 00 00 00 00 00 00 00 00 00 00 00 00 00 00 00 0E 00 00 00 00 00 00 00 00 00 00 00 00 00 00 00 00 00 00 00 00 00 00 00 00 00 00 00 00 00 00 00 00 00 00 00 00 00 00 00 00 00 00 00 00 00 00 00 00 00 00 00 00 00 00 00 00 00 00 00 00 00 00 47 00 00 00 DA 71 43 78 6F FB 2D 35 85 42 
[12:59:35.129] F8 F8 C0 F0 08 00 00 00 00 97 00 14 02 0B 0C 3B 25 00 00 C1 87 40 01 01 86 06 2B 05 09 95 00 00 00 00 00 00 00 00 00 00 00 00 00 00 00 00 00 00 00 00 00 FF FF F2 00 74 00 00 00 CA FD 00 00 00 00 00 00 00 00 00 00 00 00 00 00 00 00 00 00 00 00 00 00 00 00 00 00 0E 00 00 00 00 00 00 00 00 00 00 00 00 00 00 00 00 00 00 00 00 00 00 00 00 00 00 00 00 00 00 00 00 00 00 00 00 00 00 00 00 00 00 00 00 00 00 00 00 00 00 00 00 00 00 00 00 00 00 00 00 00 00 4B 00 00 00 0C 72 43 78 6F FB 2D 35 55 3A 
[12:59:35.629] F8 F8 C0 F0 08 00 00 00 00 97 00 14 02 0B 0C 3B 26 00 00 C1 87 40 01 01 86 06 2B 05 09 95 00 00 00 00 00 00 00 00 00 00 00 00 00 00 00 00 00 00 00 00 00 FF FF F2 00 74 00 00 00 CA FD 00 00 00 00 00 00 00 00 00 00 00 00 00 00 00 00 00 00 00 00 00 00 00 00 00 00 0E 00 00 00 00 00 00 00 00 00 00 00 00 00 00 00 00 00 00 00 00 00 00 00 00 00 00 00 00 00 00 00 00 00 00 00 00 00 00 00 00 00 00 00 00 00 00 00 00 00 00 00 00 00 00 00 00 00 00 00 00 00 00 4F 00 00 00 3E 72 43 78 6F FB 2D 35 BB 17 
[12:59:36.129] F8 F8 C0 F0 08 00 00 00 00 97 00 14 02 0B 0C 3B 26 00 00 C1 87 40 01 01 86 06 2B 05 09 95 00 00 00 00 00 00 00 00 00 00 00 00 00 00 00 00 00 00 00 00 00 FF FF F2 00 00 00 00 00 CA FD 00 00 00 00 00 00 00 00 00 00 00 00 00 00 00 00 00 00 00 00 00 00 00 00 00 00 0E 00 00 00 00 00 00 00 00 00 00 00 00 00 00 00 00 00 00 00 00 00 00 00 00 00 00 00 00 00 00 00 00 00 00 00 00 00 00 00 00 00 00 00 00 00 00 00 00 00 00 00 00 00 00 00 00 00 00 00 00 00 00 53 00 00 00 71 72 43 78 6F FB 2D 35 8E 27 
[12:59:36.629] F8 F8 C0 F0 08 00 00 00 00 97 00 14 02 0B 0C 3B 27 00 00 C1 87 40 01 01 86 06 2B 05 09 95 00 00 00 00 00 00 00 00 00 00 00 00 00 00 00 00 00 00 00 00 00 FF FF F2 00 00 00 00 00 CA FD 00 00 00 00 00 00 00 00 00 00 00 00 00 00 00 00 00 00 00 00 00 00 00 00 00 00 0E 00 00 00 00 00 00 00 00 00 00 00 00 00 00 00 00 00 00 00 00 00 00 00 00 00 00 00 00 00 00 00 00 00 00 00 00 00 00 00 00 00 00 00 00 00 00 00 00 00 00 00 00 00 00 00 00 00 00 00 00 00 00 57 00 00 00 A2 72 43 78 6F FB 2D 35 0A 8C 
[12:59:37.129] F8 F8 C0 F0 08 00 00 00 00 97 00 14 02 0B 0C 3B 27 00 00 C1 87 40 01 01 86 06 2B 05 09 95 00 00 00 00 00 00 00 00 00 00 00 00 00 00 00 00 00 00 00 00 00 FF FF F2 00 00 00 00 00 CA FD 00 00 00 00 00 00 00 00 00 00 00 00 00 00 00 00 00 00 00 00 00 00 00 00 00 00 0E 00 00 00 00 00 00 00 00 00 00 00 00 00 00 00 00 00 00 00 00 00 00 00 00 00 00 00 00 00 00 00 00 00 00 00 00 00 00 00 00 00 00 00 00 00 00 00 00 00 00 00 00 00 00 00 00 00 00 00 00 00 00 5B 00 00 00 D4 72 43 78 6F FB 2D 35 B1 AA 
[12:59:37.629] F8 F8 C0 F0 08 00 00 00 00 97 00 14 02 0B 0C 3B 28 00 00 C1 87 40 01 01 86 06 2B 05 09 95 00 00 00 00 00 00 00 00 00 00 00 00 00 00 00 00 00 00 00 00 00 FF FF E1 00 00 00 00 00 CA FD 00 00 00 00 00 00 00 00 00 00 00 00 00 00 00 00 00 00 00 00 00 00 00 00 00 00 0E 00 00 00 00 00 00 00 00 00 00 00 00 00 00 00 00 00 00 00 00 00 00 00 00 00 00 00 00 00 00 00 00 00 00 00 00 00 00 00 00 00 00 00 00 00 00 00 00 00 00 00 00 00 00 00 00 00 00 00 00 00 00 5F 00 00 00 07 73 43 78 6F FB 2D 35 A7 7C 
[12:59:38.129] F8 F8 C0 F0 08 00 00 00 00 97 00 14 02 0B 0C 3B 28 00 00 C1 87 40 01 01 86 06 2B 05 09 95 00 00 00 00 00 00 00 00 00 00 00 00 00 00 00 00 00 00 00 00 00 FF FF F2 00 00 00 00 00 CA FD 00 00 00 00 00 00 00 00 00 00 00 00 00 00 00 00 00 00 00 00 00 00 00 00 00 00 0E 00 00 00 00 00 00 00 00 00 00 00 00 00 00 00 00 00 00 00 00 00 00 00 00 00 00 00 00 00 00 00 00 00 00 00 00 00 00 00 00 00 00 00 00 00 00 00 00 00 00 00 00 00 00 00 00 00 00 00 00 00 00 63 00 00 00 38 73 43 78 6F FB 2D 35 25 4D 
[12:59:38.644] F8 F8 C0 F0 08 00 00 00 00 97 00 14 02 0B 0C 3B 28 00 00 C1 87 40 01 01 86 06 2B 05 09 95 00 00 00 00 00 00 00 00 00 00 00 00 00 00 00 00 00 00 00 00 00 FF FF F2 00 74 00 00 00 CA FD 00 00 00 00 00 00 00 00 00 00 00 00 00 00 00 00 00 00 00 00 00 00 00 00 00 00 0E 00 00 00 00 00 00 00 00 00 00 00 00 00 00 00 00 00 00 00 00 00 00 00 00 00 00 00 00 00 00 00 00 00 00 00 00 00 00 00 00 00 00 00 00 00 00 00 00 00 00 00 00 00 00 00 00 00 00 00 00 00 00 68 00 00 00 6D 73 43 78 6F FB 2D 35 C3 EE 
[12:59:39.144] F8 F8 C0 F0 08 00 00 00 00 97 00 14 02 0B 0C 3B 29 00 00 C1 87 40 01 01 86 06 2B 05 09 95 00 00 00 00 00 00 00 00 00 00 00 00 00 00 00 00 00 00 00 00 00 FF FF F2 00 00 00 00 00 CA FD 00 00 00 00 00 00 00 00 00 00 00 00 00 00 00 00 00 00 00 00 00 00 00 00 00 00 0E 00 00 00 00 00 00 00 00 00 00 00 00 00 00 00 00 00 00 00 00 00 00 00 00 00 00 00 00 00 00 00 00 00 00 00 00 00 00 00 00 00 00 00 00 00 00 00 00 00 00 00 00 00 00 00 00 00 00 00 00 00 00 6B 00 00 00 9E 73 43 78 6F FB 2D 35 6F 08 
[12:59:39.644] F8 F8 C0 F0 08 00 00 00 00 97 00 14 02 0B 0C 3B 29 00 00 C1 87 40 01 01 86 06 2B 05 09 95 00 00 00 00 00 00 00 00 00 00 00 00 00 00 00 00 00 00 00 00 00 FF FF F2 00 00 00 00 00 CA FD 00 00 00 00 00 00 00 00 00 00 00 00 00 00 00 00 00 00 00 00 00 00 00 00 00 00 0E 00 00 00 00 00 00 00 00 00 00 00 00 00 00 00 00 00 00 00 00 00 00 00 00 00 00 00 00 00 00 00 00 00 00 00 00 00 00 00 00 00 00 00 00 00 00 00 00 00 00 00 00 00 00 00 00 00 00 00 00 00 00 6F 00 00 00 D0 73 43 78 6F FB 2D 35 7A 6D 
[12:59:40.144] F8 F8 C0 F0 08 00 00 00 00 97 00 14 02 0B 0C 3B 2A 00 00 C1 87 40 01 01 86 06 2B 05 09 95 00 00 00 00 00 00 00 00 00 00 00 00 00 00 00 00 00 00 00 00 00 FF FF F2 00 74 00 00 00 CA FD 00 00 00 00 00 00 00 00 00 00 00 00 00 00 00 00 00 00 00 00 00 00 00 00 00 00 0E 00 00 00 00 00 00 00 00 00 00 00 00 00 00 00 00 00 00 00 00 00 00 00 00 00 00 00 00 00 00 00 00 00 00 00 00 00 00 00 00 00 00 00 00 00 00 00 00 00 00 00 00 00 00 00 00 00 00 00 00 00 00 74 00 00 00 03 74 43 78 6F FB 2D 35 82 74 
[12:59:40.644] F8 F8 C0 F0 08 00 00 00 00 97 00 14 02 0B 0C 3B 2A 00 00 C1 87 40 01 01 86 06 2B 05 09 95 00 00 00 00 00 00 00 00 00 00 00 00 00 00 00 00 00 00 00 00 00 FF FF F2 00 00 00 00 00 CA FD 00 00 00 00 00 00 00 00 00 00 00 00 00 00 00 00 00 00 00 00 00 00 00 00 00 00 0E 00 00 00 00 00 00 00 00 00 00 00 00 00 00 00 00 00 00 00 00 00 00 00 00 00 00 00 00 00 00 00 00 00 00 00 00 00 00 00 00 00 00 00 00 00 00 00 00 00 00 00 00 00 00 00 00 00 00 00 00 00 00 77 00 00 00 34 74 43 78 6F FB 2D 35 D2 CE 
[12:59:41.143] F8 F8 C0 F0 08 00 00 00 00 97 00 14 02 0B 0C 3B 2B 00 00 C1 87 40 01 01 86 06 2B 05 09 95 00 00 00 00 00 00 00 00 00 00 00 00 00 00 00 00 00 00 00 00 00 FF FF F2 00 00 00 00 00 CA FD 00 00 00 00 00 00 00 00 00 00 00 00 00 00 00 00 00 00 00 00 00 00 00 00 00 00 0E 00 00 00 00 00 00 00 00 00 00 00 00 00 00 00 00 00 00 00 00 00 00 00 00 00 00 00 00 00 00 00 00 00 00 00 00 00 00 00 00 00 00 00 00 00 00 00 00 00 00 00 00 00 00 00 00 00 00 00 00 00 00 7B 00 00 00 66 74 43 78 6F FB 2D 35 AC C4 
[12:59:41.643] F8 F8 C0 F0 08 00 00 00 00 97 00 14 02 0B 0C 3B 2B 00 00 C1 87 40 01 01 86 06 2B 05 09 95 00 00 00 00 00 00 00 00 00 00 00 00 00 00 00 00 00 00 00 00 00 FF FF F2 00 00 00 00 00 CA FD 00 00 00 00 00 00 00 00 00 00 00 00 00 00 00 00 00 00 00 00 00 00 00 00 00 00 0E 00 00 00 00 00 00 00 00 00 00 00 00 00 00 00 00 00 00 00 00 00 00 00 00 00 00 00 00 00 00 00 00 00 00 00 00 00 00 00 00 00 00 00 00 00 00 00 00 00 00 00 00 00 00 00 00 00 00 00 00 00 00 80 00 00 00 99 74 43 78 6F FB 2D 35 C5 60 
[12:59:42.143] F8 F8 C0 F0 08 00 00 00 00 97 00 14 02 0B 0C 3B 2C 00 00 C1 87 40 01 01 86 06 2B 05 09 95 00 00 00 00 00 00 00 00 00 00 00 00 00 00 00 00 00 00 00 00 00 FF FF E1 00 00 00 00 00 CA FD 00 00 00 00 00 00 00 00 00 00 00 00 00 00 00 00 00 00 00 00 00 00 00 00 00 00 0E 00 00 00 00 00 00 00 00 00 00 00 00 00 00 00 00 00 00 00 00 00 00 00 00 00 00 00 00 00 00 00 00 00 00 00 00 00 00 00 00 00 00 00 00 00 00 00 00 00 00 00 00 00 00 00 00 00 00 00 00 00 00 84 00 00 00 CB 74 43 78 6F FB 2D 35 A2 52 
[12:59:42.643] F8 F8 C0 F0 08 00 00 00 00 97 00 14 02 0B 0C 3B 2D 00 00 C1 87 40 01 01 86 06 2B 05 09 95 00 00 00 00 00 00 00 00 00 00 00 00 00 00 00 00 00 00 00 00 00 FF FF F2 00 00 00 00 00 CA FD 00 00 00 00 00 00 00 00 00 00 00 00 00 00 00 00 00 00 00 00 00 00 00 00 00 00 0E 00 00 00 00 00 00 00 00 00 00 00 00 00 00 00 00 00 00 00 00 00 00 00 00 00 00 00 00 00 00 00 00 00 00 00 00 00 00 00 00 00 00 00 00 00 00 00 00 00 00 00 00 00 00 00 00 00 00 00 00 00 00 88 00 00 00 FD 74 43 78 6F FB 2D 35 19 3B 
[12:59:43.143] F8 F8 C0 F0 08 00 00 00 00 97 00 14 02 0B 0C 3B 2D 00 00 C1 87 40 01 01 86 06 2B 05 09 95 00 00 00 00 00 00 00 00 00 00 00 00 00 00 00 00 00 00 00 00 00 FF FF F2 00 00 00 00 00 CA FD 00 00 00 00 00 00 00 00 00 00 00 00 00 00 00 00 00 00 00 00 00 00 00 00 00 00 0E 00 00 00 00 00 00 00 00 00 00 00 00 00 00 00 00 00 00 00 00 00 00 00 00 00 00 00 00 00 00 00 00 00 00 00 00 00 00 00 00 00 00 00 00 00 00 00 00 00 00 00 00 00 00 00 00 00 00 00 00 00 00 8B 00 00 00 2E 75 43 78 6F FB 2D 35 77 78 
[12:59:43.643] F8 F8 C0 F0 08 00 00 00 00 97 00 14 02 0B 0C 3B 2E 00 00 C1 87 40 01 01 86 06 2B 05 09 95 00 00 00 00 00 00 00 00 00 00 00 00 00 00 00 00 00 00 00 00 00 FF FF F2 00 00 00 00 00 CA FD 00 00 00 00 00 00 00 00 00 00 00 00 00 00 00 00 00 00 00 00 00 00 00 00 00 00 0E 00 00 00 00 00 00 00 00 00 00 00 00 00 00 00 00 00 00 00 00 00 00 00 00 00 00 00 00 00 00 00 00 00 00 00 00 00 00 00 00 00 00 00 00 00 00 00 00 00 00 00 00 00 00 00 00 00 00 00 00 00 00 90 00 00 00 61 75 43 78 6F FB 2D 35 42 97 
[12:59:44.143] F8 F8 C0 F0 08 00 00 00 00 97 00 14 02 0B 0C 3B 2E 00 00 C1 87 40 01 01 86 06 2B 05 09 95 00 00 00 00 00 00 00 00 00 00 00 00 00 00 00 00 00 00 00 00 00 FF FF F2 00 00 00 00 00 CA FD 00 00 00 00 00 00 00 00 00 00 00 00 00 00 00 00 00 00 00 00 00 00 00 00 00 00 0E 00 00 00 00 00 00 00 00 00 00 00 00 00 00 00 00 00 00 00 00 00 00 00 00 00 00 00 00 00 00 00 00 00 00 00 00 00 00 00 00 00 00 00 00 00 00 00 00 00 00 00 00 00 00 00 00 00 00 00 00 00 00 94 00 00 00 93 75 43 78 6F FB 2D 35 BD 58 
[12:59:44.642] F8 F8 C0 F0 08 00 00 00 00 97 00 14 02 0B 0C 3B 2F 00 
[12:59:44.814] C4 75 43 78 6F FB 2D 35 9E 09 
[12:59:45.142] F8 F8 C0 F0 08 00 00 00 00 97 00 14 02 0B 0C 3B 2F 00 00 C1 87 40 01 01 86 06 2B 05 09 95 00 00 00 00 00 00 00 00 00 00 00 00 00 00 00 00 00 00 00 00 00 FF FF F2 00 00 00 00 00 CA FD 00 00 00 00 00 00 00 00 00 00 00 00 00 00 00 00 00 00 00 00 00 00 00 00 00 00 0E 00 00 00 00 00 00 00 00 00 00 00 00 00 00 00 00 00 00 00 00 00 00 00 00 00 00 00 00 00 00 00 00 00 00 00 00 00 00 00 00 00 00 00 00 00 00 00 00 00 00 00 00 00 00 00 00 00 00 00 00 00 00 9B 00 00 00 F6 75 43 78 6F FB 2D 35 98 D6 
[12:59:45.642] F8 F8 C0 F0 08 00 
[12:59:45.674] 00 00 00 97 00 14 02 0B 0C 3B 30 00 00 C1 87 40 01 01 86 06 2B 05 09 95 00 00 00 00 00 00 00 00 00 00 00 00 00 00 00 00 00 00 00 00 00 FF FF E1 00 6C 00 00 00 CA FD 00 00 00 00 00 00 00 00 00 00 00 00 00 00 00 00 00 00 00 00 00 00 00 00 00 00 0E 00 00 00 00 00 00 00 00 00 00 00 00 00 00 00 00 00 00 00 00 00 00 00 00 00 00 00 00 00 00 00 00 00 00 00 00 00 00 00 00 00 00 00 00 00 00 00 00 00 00 00 00 00 00 00 00 00 00 00 00 00 00 9F 00 00 00 28 76 43 78 6F FB 2D 35 E0 1E 
[12:59:46.142] F8 F8 C0 F0 08 00 00 00 00 97 00 14 02 0B 0C 3B 30 00 00 C1 87 40 01 01 86 06 2B 05 09 95 00 00 00 00 00 00 00 00 00 00 00 00 00 00 00 00 00 00 00 00 00 FF FF F2 00 00 00 00 00 CA FD 00 00 00 00 00 00 00 00 00 00 00 00 00 00 00 00 00 00 00 00 00 00 00 00 00 00 0E 00 00 00 00 00 00 00 00 00 00 00 00 00 00 00 00 00 00 00 00 00 00 00 00 00 00 00 00 00 00 00 00 00 00 00 00 00 00 00 00 00 00 00 00 00 00 00 00 00 00 00 00 00 00 00 00 00 00 00 00 00 00 A3 00 00 00 5A 76 43 78 6F FB 2D 35 9A 7B 
[12:59:46.642] F8 F8 C0 F0 08 00 
[12:59:46.673] 00 00 00 97 00 14 02 0B 0C 3B 31 00 00 C1 87 40 01 01 86 06 2B 05 09 95 00 00 00 00 00 00 00 00 00 00 00 00 00 00 00 00 00 00 00 00 00 FF FF F2 00 00 00 00 00 CA FD 00 00 00 00 00 00 00 00 00 00 00 00 00 00 00 00 00 00 00 00 00 00 00 00 00 00 0E 00 00 00 00 00 00 00 00 00 00 00 00 00 00 00 00 00 00 00 00 00 00 00 00 00 00 00 00 00 00 00 00 00 00 00 00 00 00 00 00 00 00 00 00 00 00 00 00 00 00 00 00 00 00 00 00 00 00 00 00 00 00 A7 00 00 00 8C 76 43 78 6F FB 2D 35 A0 98 
[12:59:47.142] F8 F8 C0 F0 08 00 
[12:59:47.173] 00 00 00 97 00 14 02 0B 0C 3B 31 00 00 C1 87 40 01 01 86 06 2B 05 09 95 00 00 00 00 00 00 00 