
[13:00:59.886] 00 00 00 00 00 00 00 00 00 00 00 00 00 00 00 00 00 00 00 00 00 00 00 00 00 00 00 00 00 00 00 00 00 00 00 00 00 00 00 00 00 00 00 00 00 00 00 00 00 00 00 21 00 00 00 1E 93 43 78 6F FB 2D 35 24 7A 
[13:01:00.292] F8 F8 C0 F0 08 00 00 00 00 97 00 14 02 0B 0D 01 02 00 00 C1 A7 40 01 01 8B 06 2B 05 09 95 00 00 00 00 00 00 00 00 00 00 00 00 00 00 00 00 00 00 00 00 00 FF FF 00 00 9F 01 00 00 69 FD 00 00 00 00 00 00 00 00 00 00 00 00 00 00 00 00 00 00 00 00 00 00 00 00 00 00 00 0E 00 00 00 00 00 00 00 00 00 00 00 00 00 00 00 00 00 00 00 00 00 00 00 00 00 00 00 00 00 00 00 00 00 00 00 00 00 00 00 00 00 00 00 00 00 00 00 00 00 00 00 00 00 00 00 00 00 00 00 00 00 25 00 00 00 51 93 43 78 6F FB 2D 35 E2 58 
[13:01:00.792] F8 F8 C0 F0 08 00 00 00 00 97 00 14 02 0B 0D 01 02 00 00 C1 A7 40 01 01 8B 06 2B 05 09 95 00 00 00 00 00 00 00 00 00 00 00 00 00 00 00 00 00 00 00 00 00 FF FF 00 00 00 00 00 00 69 FD 00 00 00 00 00 00 00 00 00 00 00 00 00 00 00 00 00 00 00 00 00 00 00 00 00 00 00 0E 00 00 00 00 00 00 00 00 00 00 00 00 00 00 00 00 00 00 00 00 00 00 00 00 00 00 00 00 00 00 00 00 00 00 00 00 00 00 00 00 00 00 00 00 00 00 00 00 00 00 00 00 00 00 00 00 00 00 00 00 00 29 00 00 00 83 93 43 78 6F FB 2D 35 0F 0A 
[13:01:01.292] F8 F8 C0 F0 08 00 00 00 00 97 00 14 02 0B 0D 01 03 00 00 C1 A7 40 01 01 8B 06 2B 05 09 95 00 00 00 00 00 00 00 00 00 00 00 00 00 00 00 00 00 00 00 00 00 FF FF 00 00 00 00 00 00 28 FC 00 00 00 00 00 00 00 00 00 00 00 00 00 00 00 00 00 00 00 00 00 00 00 00 00 00 00 0E 00 00 00 00 00 00 00 00 00 00 00 00 00 00 00 00 00 00 00 00 00 00 00 00 00 00 00 00 00 00 00 00 00 00 00 00 00 00 00 00 00 00 00 00 00 00 00 00 00 00 00 00 00 00 00 00 00 00 00 00 00 2D 00 00 00 B4 93 43 78 6F FB 2D 35 19 76 
[13:01:01.792] F8 F8 C0 F0 08 00 00 00 00 97 00 14 02 0B 0D 01 03 00 00 C1 A7 40 01 01 8B 06 2B 05 09 95 00 00 00 00 00 00 00 00 00 00 00 00 00 00 00 00 00 00 00 00 00 FF FF 00 00 9F 01 00 00 69 FD 00 00 00 00 00 00 00 00 00 00 00 00 00 00 00 00 00 00 00 00 00 00 00 00 00 00 00 0E 00 00 00 00 00 00 00 00 00 00 00 00 00 00 00 00 00 00 00 00 00 00 00 00 00 00 00 00 00 00 00 00 00 00 00 00 00 00 00 00 00 00 00 00 00 00 00 00 00 00 00 00 00 00 00 00 00 00 00 00 00 31 00 00 00 E7 93 43 78 6F FB 2D 35 30 01 
[13:01:02.291] F8 F8 C0 F0 08 00 00 00 00 97 00 14 02 0B 0D 01 04 00 00 C1 A7 40 01 01 8B 06 2B 05 09 95 00 00 00 00 00 00 00 00 00 00 00 00 00 00 00 00 00 00 00 00 00 FF FF 00 00 9F 01 00 00 69 FD 00 00 00 00 00 00 00 00 00 00 00 00 00 00 00 00 00 00 00 00 00 00 00 00 00 00 00 0E 00 00 00 00 00 00 00 00 00 00 00 00 00 00 00 00 00 00 00 00 00 00 00 00 00 00 00 00 00 00 00 00 00 00 00 00 00 00 00 00 00 00 00 00 00 00 00 00 00 00 00 00 00 00 00 00 00 00 00 00 00 35 00 00 00 19 94 43 78 6F FB 2D 35 5D 5C 
[13:01:02.791] F8 F8 C0 F0 08 00 00 00 00 97 00 14 02 0B 0D 01 04 00 00 C1 A7 40 01 01 8B 06 2B 05 09 95 00 00 00 00 00 00 00 00 00 00 00 00 00 00 00 00 00 00 00 00 00 FF FF 00 00 00 00 00 00 69 FD 00 00 00 00 00 00 00 00 00 00 00 00 00 00 00 00 00 00 00 00 00 00 00 00 00 00 00 0E 00 00 00 00 00 00 00 00 00 00 00 00 00 00 00 00 00 00 00 00 00 00 00 00 00 00 00 00 00 00 00 00 00 00 00 00 00 00 00 00 00 00 00 00 00 00 00 00 00 00 00 00 00 00 00 00 00 00 00 00 00 39 00 00 00 4A 94 43 78 6F FB 2D 35 E2 B4 
[13:01:03.291] F8 F8 C0 F0 08 00 00 00 00 97 00 14 02 0B 0D 01 05 00 00 C1 A7 40 01 01 8B 06 2B 05 09 95 00 00 00 00 00 00 00 00 00 00 00 00 00 00 00 00 00 00 00 00 00 FF FF 00 00 9F 01 00 00 69 FD 00 00 00 00 00 00 00 00 00 00 00 00 00 00 00 00 00 00 00 00 00 00 00 00 00 00 00 0E 00 00 00 00 00 00 00 00 00 00 00 00 00 00 00 00 00 00 00 00 00 00 00 00 00 00 00 00 00 00 00 00 00 00 00 00 00 00 00 00 00 00 00 00 00 00 00 00 00 00 00 00 00 00 00 00 00 00 00 00 00 3D 00 00 00 7D 94 43 78 6F FB 2D 35 E0 9D 
[13:01:03.791] F8 F8 C0 F0 08 00 00 00 00 97 00 14 02 0B 0D 01 06 00 00 C1 A7 40 01 01 8B 06 2B 05 09 95 00 00 00 00 00 00 00 00 00 00 00 00 00 00 00 00 00 00 00 00 00 FF FF 00 00 00 00 00 00 69 FD 00 00 00 00 00 00 00 00 00 00 00 00 00 00 00 00 00 00 00 00 00 00 00 00 00 00 00 0E 00 00 00 00 00 00 00 00 00 00 00 00 00 00 00 00 00 00 00 00 00 00 00 00 00 00 00 00 00 00 00 00 00 00 00 00 00 00 00 00 00 00 00 00 00 00 00 00 00 00 00 00 00 00 00 00 00 00 00 00 00 41 00 00 00 AF 94 43 78 6F FB 2D 35 FD A2 
[13:01:04.291] F8 F8 C0 F0 08 00 00 00 00 97 00 14 02 0B 0D 01 06 00 00 C1 A7 40 01 01 8B 06 2B 05 09 95 00 00 00 00 00 00 00 00 00 00 00 00 00 00 00 00 00 00 00 00 00 FF FF 00 00 9F 01 00 00 69 FD 00 00 00 00 00 00 00 00 00 00 00 00 00 00 00 00 00 00 00 00 00 00 00 00 00 00 00 0E 00 00 00 00 00 00 00 00 00 00 00 00 00 00 00 00 00 00 00 00 00 00 00 00 00 00 00 00 00 00 00 00 00 00 00 00 00 00 00 00 00 00 00 00 00 00 00 00 00 00 00 00 00 00 00 00 00 00 00 00 00 45 00 00 00 E0 94 43 78 6F FB 2D 35 E9 7D 
[13:01:04.791] F8 F8 C0 F0 08 00 00 00 00 97 00 14 02 0B 0D 01 07 00 00 C1 A7 40 01 01 8B 06 2B 05 09 95 00 00 00 00 00 00 00 00 00 00 00 00 00 00 00 00 00 00 00 00 00 FF FF 00 00 9F 01 00 00 69 FD 00 00 00 00 00 00 00 00 00 00 00 00 00 00 00 00 00 00 00 00 00 00 00 00 00 00 00 0E 00 00 00 00 00 00 00 00 00 00 00 00 00 00 00 00 00 00 00 00 00 00 00 00 00 00 00 00 00 00 00 00 00 00 00 00 00 00 00 00 00 00 00 00 00 00 00 00 00 00 00 00 00 00 00 00 00 00 00 00 00 49 00 00 00 12 95 43 78 6F FB 2D 35 1F 49 
[13:01:05.291] F8 F8 C0 F0 08 00 00 00 00 97 00 14 02 0B 0D 01 07 00 00 C1 A7 40 01 01 8B 06 2B 05 09 95 00 00 00 00 00 00 00 00 00 00 00 00 00 00 00 00 00 00 00 00 00 FF FF 00 00 00 00 00 00 69 FD 00 00 00 00 00 00 00 00 00 00 00 00 00 00 00 00 00 00 00 00 00 00 00 00 00 00 00 0E 00 00 00 00 00 00 00 00 00 00 00 00 00 00 00 00 00 00 00 00 00 00 00 00 00 00 00 00 00 00 00 00 00 00 00 00 00 00 00 00 00 00 00 00 00 00 00 00 00 00 00 00 00 00 00 00 00 00 00 00 00 4D 00 00 00 44 95 43 78 6F FB 2D 35 B6 F2 
[13:01:05.791] F8 F8 C0 F0 08 00 00 00 00 97 00 14 02 0B 0D 01 08 00 00 C1 A7 40 01 01 8B 06 2B 05 09 95 00 00 00 00 00 00 00 00 00 00 00 00 00 00 00 00 00 00 00 00 00 FF FF 00 00 00 00 00 00 69 FD 00 00 00 00 00 00 00 00 00 00 00 00 00 00 00 00 00 00 00 00 00 00 00 00 00 00 00 0E 00 00 00 00 00 00 00 00 00 00 00 00 00 00 00 00 00 00 00 00 00 00 00 00 00 00 00 00 00 00 00 00 00 00 00 00 00 00 00 00 00 00 00 00 00 00 00 00 00 00 00 00 00 00 00 00 00 00 00 00 00 51 00 00 00 76 95 43 78 6F FB 2D 35 C3 66 
[13:01:06.290] F8 F8 C0 F0 08 00 00 00 00 97 00 14 02 0B 0D 01 08 00 00 C1 A7 40 01 01 8B 06 2B 05 09 95 00 00 00 00 00 00 00 00 00 00 00 00 00 00 00 00 00 00 00 00 00 FF FF 00 00 00 00 00 00 69 FD 00 00 00 00 00 00 00 00 00 00 00 00 00 00 00 00 00 00 00 00 00 00 00 00 00 00 00 0E 00 00 00 00 00 00 00 00 00 00 00 00 00 00 00 00 00 00 00 00 00 00 00 00 00 00 00 00 00 00 00 00 00 00 00 00 00 00 00 00 00 00 00 00 00 00 00 00 00 00 00 00 00 00 00 00 00 00 00 00 00 55 00 00 00 A8 95 43 78 6F FB 2D 35 E3 C3 
[13:01:06.790] F8 F8 C0 F0 08 00 00 00 00 97 00 14 02 0B 0D 01 09 00 00 C1 A7 40 01 01 8B 06 2B 05 09 95 00 00 00 00 00 00 00 00 00 00 00 00 00 00 00 00 00 00 00 00 00 FF FF 00 00 9F 01 00 00 69 FD 00 00 00 00 00 00 00 00 00 00 00 00 00 00 00 00 00 00 00 00 00 00 00 00 00 00 00 0E 00 00 00 00 00 00 00 00 00 00 00 00 00 00 00 00 00 00 00 00 00 00 00 00 00 00 00 00 00 00 00 00 00 00 00 00 00 00 00 00 00 00 00 00 00 00 00 00 00 00 00 00 00 00 00 00 00 00 00 00 00 59 00 00 00 DA 95 43 78 6F FB 2D 35 27 4F 
[13:01:07.290] F8 F8 C0 F0 08 00 00 00 00 97 00 14 02 0B 0D 01 09 00 00 C1 A7 40 01 01 8B 06 2B 05 09 95 00 00 00 00 00 00 00 00 00 00 00 00 00 00 00 00 00 00 00 00 00 FF FF 00 00 29 02 00 00 28 FC 00 00 00 00 00 00 00 00 00 00 00 00 00 00 00 00 00 00 00 00 00 00 00 00 00 00 00 0E 00 00 00 00 00 00 00 00 00 00 00 00 00 00 00 00 00 00 00 00 00 00 00 00 00 00 00 00 00 00 00 00 00 00 00 00 00 00 00 00 00 00 00 00 00 00 00 00 00 00 00 00 00 00 00 00 00 00 00 00 00 5D 00 00 00 0C 96 43 78 6F FB 2D 35 59 F4 
[13:01:07.790] F8 F8 C0 F0 08 00 00 00 00 97 00 14 02 0B 0D 01 0A 00 00 C1 A7 40 01 01 8B 06 2B 05 09 95 00 00 00 00 00 00 00 00 00 00 00 00 00 00 00 00 00 00 00 00 00 FF FF 00 00 9F 01 00 00 69 FD 00 00 00 00 00 00 00 00 00 00 00 00 00 00 00 00 00 00 00 00 00 00 00 00 00 00 00 0E 00 00 00 00 00 00 00 00 00 00 00 00 00 00 00 00 00 00 00 00 00 00 00 00 00 00 00 00 00 00 00 00 00 00 00 00 00 00 00 00 00 00 00 00 00 00 00 00 00 00 00 00 00 00 00 00 00 00 00 00 00 61 00 00 00 3F 96 43 78 6F FB 2D 35 3A 04 
[13:01:08.290] F8 F8 C0 F0 08 00 00 00 00 97 00 14 02 0B 0D 01 0B 00 00 C1 A7 40 01 01 8B 06 2B 05 09 95 00 00 00 00 00 00 00 00 00 00 00 00 00 00 00 00 00 00 00 00 00 FF FF 00 00 00 00 00 00 69 FD 00 00 00 00 00 00 00 00 00 00 00 00 00 00 00 00 00 00 00 00 00 00 00 00 00 00 00 0E 00 00 00 00 00 00 00 00 00 00 00 00 00 00 00 00 00 00 00 00 00 00 00 00 00 00 00 00 00 00 00 00 00 00 00 00 00 00 00 00 00 00 00 00 00 00 00 00 00 00 00 00 00 00 00 00 00 00 00 00 00 65 00 00 00 70 96 43 78 6F FB 2D 35 EE 83 