
[13:02:00.381] F8 F8 C0 F0 08 00 00 00 00 97 00 14 02 0B 0D 02 02 00 00 C1 87 40 01 01 88 06 2B 05 09 95 00 00 00 00 00 00 00 00 00 00 00 00 00 00 00 00 00 00 00 00 00 B7 52 0F 00 0D 00 57 01 73 FF 00 00 00 00 00 00 00 00 00 00 00 00 00 00 00 00 00 00 00 00 00 00 00 00 00 00 0E 00 00 00 00 00 00 00 00 00 00 00 00 00 00 00 00 00 00 00 00 00 00 00 00 00 00 00 00 00 00 00 00 00 00 00 00 00 00 00 00 00 00 00 00 00 00 00 00 00 00 00 00 00 00 00 00 00 00 00 00 00 00 25 00 00 00 CA AA 43 78 6F FB 2D 35 DA 9B 
[13:02:00.881] F8 F8 C0 F0 08 00 00 00 00 97 00 14 02 0B 0D 02 03 00 00 C1 87 40 01 01 88 06 2B 05 09 95 00 00 00 00 00 00 00 00 00 00 00 00 00 00 00 00 00 00 00 00 00 1F 54 0F 00 0D 00 8A 00 73 FF 00 00 00 00 00 00 00 00 00 00 00 00 00 00 00 00 00 00 00 00 00 00 00 00 00 00 0E 00 00 00 00 00 00 00 00 00 00 00 00 00 00 00 00 00 00 00 00 00 00 00 00 00 00 00 00 00 00 00 00 00 00 00 00 00 00 00 00 00 00 00 00 00 00 00 00 00 00 00 00 00 00 00 00 00 00 00 00 00 00 29 00 00 00 FC AA 43 78 6F FB 2D 35 48 5B 
[13:02:01.381] F8 F8 C0 F0 08 00 00 00 00 97 00 14 02 0B 0D 02 04 00 00 C1 87 40 01 01 88 06 2B 05 09 95 00 00 00 00 00 00 00 00 00 00 00 00 00 00 00 00 00 00 00 00 00 28 58 0E 00 0C 00 31 01 73 FF 00 00 00 00 00 00 00 00 00 00 00 00 00 00 00 00 00 00 00 00 00 00 00 00 00 00 0E 00 00 00 00 00 00 00 00 00 00 00 00 00 00 00 00 00 00 00 00 00 00 00 00 00 00 00 00 00 00 00 00 00 00 00 00 00 00 00 00 00 00 00 00 00 00 00 00 00 00 00 00 00 00 00 00 00 00 00 00 00 00 2D 00 00 00 2E AB 43 78 6F FB 2D 35 5B 29 
[13:02:01.881] F8 F8 C0 F0 08 00 00 00 00 97 00 14 02 0B 0D 02 04 00 00 C1 87 40 01 01 88 06 2B 05 09 95 00 00 00 00 00 00 00 00 00 00 00 00 00 00 00 00 00 00 00 00 00 EE 58 0F 00 0A 00 D4 00 73 FF 00 00 00 00 00 00 00 00 00 00 00 00 00 00 00 00 00 00 00 00 00 00 00 00 00 00 0E 00 00 00 00 00 00 00 00 00 00 00 00 00 00 00 00 00 00 00 00 00 00 00 00 00 00 00 00 00 00 00 00 00 00 00 00 00 00 00 00 00 00 00 00 00 00 00 00 00 00 00 00 00 00 00 00 00 00 00 00 00 00 31 00 00 00 60 AB 43 78 6F FB 2D 35 CC 42 
[13:02:02.381] F8 F8 C0 F0 08 00 00 00 00 97 00 14 02 0B 0D 02 05 00 00 C1 87 40 01 01 88 06 2B 05 09 95 00 00 00 00 00 00 00 00 00 00 00 00 00 00 00 00 00 00 00 00 00 18 50 0F 00 12 00 CA 00 73 FF 00 00 00 00 00 00 00 00 00 00 00 00 00 00 00 00 00 00 00 00 00 00 00 00 00 00 0E 00 00 00 00 00 00 00 00 00 00 00 00 00 00 00 00 00 00 00 00 00 00 00 00 00 00 00 00 00 00 00 00 00 00 00 00 00 00 00 00 00 00 00 00 00 00 00 00 00 00 00 00 00 00 00 00 00 00 00 00 00 00 35 00 00 00 93 AB 43 78 6F FB 2D 35 86 21 
[13:02:02.880] F8 F8 C0 F0 08 00 00 00 00 97 00 14 02 0B 0D 02 05 00 00 C1 87 40 01 01 88 06 2B 05 09 95 00 00 00 00 00 00 00 00 00 00 00 00 00 00 00 00 00 00 00 00 00 7A 58 0F 00 09 00 1A 01 73 FF 00 00 00 00 00 00 00 00 00 00 00 00 00 00 00 00 00 00 00 00 00 00 00 00 00 00 0E 00 00 00 00 00 00 00 00 00 00 00 00 00 00 00 00 00 00 00 00 00 00 00 00 00 00 00 00 00 00 00 00 00 00 00 00 00 00 00 00 00 00 00 00 00 00 00 00 00 00 00 00 00 00 00 00 00 00 00 00 00 00 39 00 00 00 C4 AB 43 78 6F FB 2D 35 74 7B 
[13:02:03.380] F8 F8 C0 F0 08 00 00 00 00 97 00 14 02 0B 0D 02 06 00 00 C1 87 40 01 01 88 06 2B 05 09 95 00 00 00 00 00 00 00 00 00 00 00 00 00 00 00 00 00 00 00 00 00 6A 4F 0F 00 0B 00 07 01 73 FF 00 00 00 00 00 00 00 00 00 00 00 00 00 00 00 00 00 00 00 00 00 00 00 00 00 00 0E 00 00 00 00 00 00 00 00 00 00 00 00 00 00 00 00 00 00 00 00 00 00 00 00 00 00 00 00 00 00 00 00 00 00 00 00 00 00 00 00 00 00 00 00 00 00 00 00 00 00 00 00 00 00 00 00 00 00 00 00 00 00 3D 00 00 00 F6 AB 43 78 6F FB 2D 35 F4 92 
[13:02:03.896] F8 F8 C0 F0 08 00 00 00 00 97 00 14 02 0B 0D 02 06 00 00 C1 87 40 01 01 88 06 2B 05 09 95 00 00 00 00 00 00 00 00 00 00 00 00 00 00 00 00 00 00 00 00 00 AA 4D 10 00 0A 00 10 01 73 FF 00 00 00 00 00 00 00 00 00 00 00 00 00 00 00 00 00 00 00 00 00 00 00 00 00 00 0E 00 00 00 00 00 00 00 00 00 00 00 00 00 00 00 00 00 00 00 00 00 00 00 00 00 00 00 00 00 00 00 00 00 00 00 00 00 00 00 00 00 00 00 00 00 00 00 00 00 00 00 00 00 00 00 00 00 00 00 00 00 00 41 00 00 00 29 AC 43 78 6F FB 2D 35 CD 8A 
[13:02:04.380] F8 F8 C0 F0 08 00 00 00 00 97 00 14 02 0B 0D 02 06 00 00 C1 87 40 01 01 88 06 2B 05 09 95 00 00 00 00 00 00 00 00 00 00 00 00 00 00 00 00 00 00 00 00 00 7A 4F 0F 00 09 00 18 01 73 FF 00 00 00 00 00 00 00 00 00 00 00 00 00 00 00 00 00 00 00 00 00 00 00 00 00 00 0E 00 00 00 00 00 00 00 00 00 00 00 00 00 00 00 00 00 00 00 00 00 00 00 00 00 00 00 00 00 00 00 00 00 00 00 00 00 00 00 00 00 00 00 00 00 00 00 00 00 00 00 00 00 00 00 00 00 00 00 00 00 00 45 00 00 00 5A AC 43 78 6F FB 2D 35 05 DD 
[13:02:04.880] F8 F8 C0 F0 08 00 00 00 00 97 00 14 02 0B 0D 02 06 00 00 C1 87 40 01 01 88 06 2B 05 09 95 00 00 00 00 00 00 00 00 00 00 00 00 00 00 00 00 00 00 00 00 00 DF 4D 0F 00 0D 00 39 01 73 FF 00 00 00 00 00 00 00 00 00 00 00 00 00 00 00 00 00 00 00 00 00 00 00 00 00 00 0E 00 00 00 00 00 00 00 00 00 00 00 00 00 00 00 00 00 00 00 00 00 00 00 00 00 00 00 00 00 00 00 00 00 00 00 00 00 00 00 00 00 00 00 00 00 00 00 00 00 00 00 00 00 00 00 00 00 00 00 00 00 00 49 00 00 00 8C AC 43 78 6F FB 2D 35 19 8B 
[13:02:05.380] F8 F8 C0 F0 08 00 00 00 00 97 00 14 02 0B 0D 02 07 00 00 C1 87 40 01 01 88 06 2B 05 09 95 00 00 00 00 00 00 00 00 00 00 00 00 00 00 00 00 00 00 00 00 00 EE 58 10 00 08 00 18 01 73 FF 00 00 00 00 00 00 00 00 00 00 00 00 00 00 00 00 00 00 00 00 00 00 00 00 00 00 0E 00 00 00 00 00 00 00 00 00 00 00 00 00 00 00 00 00 00 00 00 00 00 00 00 00 00 00 00 00 00 00 00 00 00 00 00 00 00 00 00 00 00 00 00 00 00 00 00 00 00 00 00 00 00 00 00 00 00 00 00 00 00 4D 00 00 00 BE AC 43 78 6F FB 2D 35 61 ED 
[13:02:05.895] F8 F8 C0 F0 08 00 00 00 00 97 00 14 02 0B 0D 02 08 00 00 C1 87 40 01 01 88 06 2B 05 09 95 00 00 00 00 00 00 00 00 00 00 00 00 00 00 00 00 00 00 00 00 00 BF 52 0F 00 0C 00 F3 00 73 FF 00 00 00 00 00 00 00 00 00 00 00 00 00 00 00 00 00 00 00 00 00 00 00 00 00 00 0E 00 00 00 00 00 00 00 00 00 00 00 00 00 00 00 00 00 00 00 00 00 00 00 00 00 00 00 00 00 00 00 00 00 00 00 00 00 00 00 00 00 00 00 00 00 00 00 00 00 00 00 00 00 00 00 00 00 00 00 00 00 00 51 00 00 00 F1 AC 43 78 6F FB 2D 35 31 3F 
[13:02:06.380] F8 F8 C0 F0 08 00 00 00 00 97 00 14 02 0B 0D 02 08 00 00 C1 87 40 01 01 88 06 2B 05 09 95 00 00 00 00 00 00 00 00 00 00 00 00 00 00 00 00 00 00 00 00 00 ED 56 0F 00 06 00 3A 01 73 FF 00 00 00 00 00 00 00 00 00 00 00 00 00 00 00 00 00 00 00 00 00 00 00 00 00 00 0E 00 00 00 00 00 00 00 00 00 00 00 00 00 00 00 00 00 00 00 00 00 00 00 00 00 00 00 00 00 00 00 00 00 00 00 00 00 00 00 00 00 00 00 00 00 00 00 00 00 00 00 00 00 00 00 00 00 00 00 00 00 00 55 00 00 00 22 AD 43 78 6F FB 2D 35 2A B2 
[13:02:06.895] F8 F8 C0 F0 08 00 00 00 00 97 00 14 02 0B 0D 02 09 00 00 C1 87 40 01 01 88 06 2B 05 09 95 00 00 00 00 00 00 00 00 00 00 00 00 00 00 00 00 00 00 00 00 00 62 57 0F 00 0A 00 DD 01 73 FF 00 00 00 00 00 00 00 00 00 00 00 00 00 00 00 00 00 00 00 00 00 00 00 00 00 00 0E 00 00 00 00 00 00 00 00 00 00 00 00 00 00 00 00 00 00 00 00 00 00 00 00 00 00 00 00 00 00 00 00 00 00 00 00 00 00 00 00 00 00 00 00 00 00 00 00 00 00 00 00 00 00 00 00 00 00 00 00 00 00 59 00 00 00 55 AD 43 78 6F FB 2D 35 D9 45 
[13:02:07.395] F8 F8 C0 F0 08 00 00 00 00 97 00 14 02 0B 0D 02 09 00 00 C1 87 40 01 01 88 06 2B 05 09 95 00 00 00 00 00 00 00 00 00 00 00 00 00 00 00 00 00 00 00 00 00 E9 5A 10 00 10 00 90 01 73 FF 00 00 00 00 00 00 00 00 00 00 00 00 00 00 00 00 00 00 00 00 00 00 00 00 00 00 0E 00 00 00 00 00 00 00 00 00 00 00 00 00 00 00 00 00 00 00 00 00 00 00 00 00 00 00 00 00 00 00 00 00 00 00 00 00 00 00 00 00 00 00 00 00 00 00 00 00 00 00 00 00 00 00 00 00 00 00 00 00 00 5D 00 00 00 87 AD 43 78 6F FB 2D 35 94 7C 
[13:02:07.879] F8 F8 C0 F0 08 00 00 00 00 97 00 14 02 0B 0D 02 0A 00 00 C1 87 40 01 01 88 06 2B 05 09 95 00 00 00 00 00 00 00 00 00 00 00 00 00 00 00 00 00 00 00 00 00 5D 55 0F 00 0A 00 98 01 73 FF 00 00 00 00 00 00 00 00 00 00 00 00 00 00 00 00 00 00 00 00 00 00 00 00 00 00 0E 00 00 00 00 00 00 00 00 00 00 00 00 00 00 00 00 00 00 00 00 00 00 00 00 00 00 00 00 00 00 00 00 00 00 00 00 00 00 00 00 00 00 00 00 00 00 00 00 00 00 00 00 00 00 00 00 00 00 00 00 00 00 61 00 00 00 B8 AD 43 78 6F FB 2D 35 07 2D 
[13:02:08.410] F8 F8 C0 F0 08 00 00 00 00 97 00 14 02 0B 0D 02 0A 00 00 C1 87 40 01 01 88 06 2B 05 09 95 00 00 00 00 00 00 00 00 00 00 00 00 00 00 00 00 00 00 00 00 00 20 59 0F 00 0C 00 AE 01 73 FF 00 00 00 00 00 00 00 00 00 00 00 00 00 00 00 00 00 00 00 00 00 00 00 00 00 00 0E 00 00 00 00 00 00 00 00 00 00 00 00 00 00 00 00 00 00 00 00 00 00 00 00 00 00 00 00 00 00 00 00 00 00 00 00 00 00 00 00 00 00 00 00 00 00 00 00 00 00 00 00 00 00 00 00 00 00 00 00 00 00 66 00 00 00 ED AD 43 78 6F FB 2D 35 40 AB 
[13:02:08.910] F8 F8 C0 F0 08 00 00 00 00 97 00 14 02 0B 0D 02 0B 00 00 C1 87 40 01 01 88 06 2B 05 09 95 00 00 00 00 00 00 00 00 00 00 00 00 00 00 00 00 00 00 00 00 00 F1 54 0F 00 09 00 7E 01 73 FF 00 00 00 00 00 00 00 00 00 00 00 00 00 00 00 00 00 00 00 00 00 00 00 00 00 00 0E 00 00 00 00 00 00 00 00 00 00 00 00 00 00 00 00 00 00 00 00 00 00 00 00 00 00 00 00 00 00 00 00 00 00 00 00 00 00 00 00 00 00 00 00 00 00 00 00 00 00 00 00 00 00 00 00 00 00 00 00 00 00 6A 00 00 00 1E AE 43 78 6F FB 2D 35 5D 22 
[13:02:09.410] F8 F8 C0 F0 08 00 00 00 00 97 00 14 02 0B 0D 02 0B 00 00 C1 87 40 01 01 88 06 2B 05 09 95 00 00 00 00 00 00 00 00 00 00 00 00 00 00 00 00 00 00 00 00 00 6B 57 0F 00 0A 00 1E 01 73 FF 00 00 00 00 00 00 00 00 00 00 00 00 00 00 00 00 00 00 00 00 00 00 00 00 00 00 0E 00 00 00 00 00 00 00 00 00 00 00 00 00 00 00 00 00 00 00 00 00 00 00 00 00 00 00 00 00 00 00 00 00 00 00 00 00 00 00 00 00 00 00 00 00 00 00 00 00 00 00 00 00 00 00 00 00 00 00 00 00 00 6E 00 00 00 51 AE 43 78 6F FB 2D 35 4D F8 
[13:02:09.910] F8 F8 C0 F0 08 00 00 00 00 97 00 14 02 0B 0D 02 0C 00 00 C1 87 40 01 01 88 06 2B 05 09 95 00 00 00 00 00 00 00 00 00 00 00 00 00 00 00 00 00 00 00 00 00 09 50 0F 00 0F 00 5A 01 73 FF 00 00 00 00 00 00 00 00 00 00 00 00 00 00 00 00 00 00 00 00 00 00 00 00 00 00 0E 00 00 00 00 00 00 00 00 00 00 00 00 00 00 00 00 00 00 00 00 00 00 00 00 00 00 00 00 00 00 00 00 00 00 00 00 00 00 00 00 00 00 00 00 00 00 00 00 00 00 00 00 00 00 00 00 00 00 00 00 00 00 72 00 00 00 83 AE 43 78 6F FB 2D 35 D9 6F 
[13:02:10.410] F8 F8 C0 F0 08 00 00 00 00 97 00 14 02 0B 0D 02 0D 00 00 C1 87 40 01 01 88 06 2B 05 09 95 00 00 00 00 00 00 00 00 00 00 00 00 00 00 00 00 00 00 00 00 00 41 55 0F 00 0C 00 16 01 73 FF 00 00 00 00 00 00 00 00 00 00 00 00 00 00 00 00 00 00 00 00 00 00 00 00 00 00 0E 00 00 00 00 00 00 00 00 00 00 00 00 00 00 00 00 00 00 00 00 00 00 00 00 00 00 00 00 00 00 00 00 00 00 00 00 00 00 00 00 00 00 00 00 00 00 00 00 00 00 00 00 00 00 00 00 00 00 00 00 00 00 76 00 00 00 B5 AE 43 78 6F FB 2D 35 C5 C5 
[13:02:10.910] F8 F8 C0 F0 08 00 00 00 00 97 00 14 02 0B 0D 02 0D 00 00 C1 87 40 01 01 88 06 2B 05 09 95 00 00 00 00 00 00 00 00 00 00 00 00 00 00 00 00 00 00 00 00 00 34 64 0F 00 08 00 18 01 73 FF 00 00 00 00 00 00 00 00 00 00 00 00 00 00 00 00 00 00 00 00 00 00 00 00 00 00 0E 00 00 00 00 00 00 00 00 00 00 00 00 00 00 00 00 00 00 00 00 00 00 00 00 00 00 00 00 00 00 00 00 00 00 00 00 00 00 00 00 00 00 00 00 00 00 00 00 00 00 00 00 00 00 00 00 00 00 00 00 00 00 7A 00 00 00 E6 AE 43 78 6F FB 2D 35 BC 7A 
[13:02:11.410] F8 F8 C0 F0 08 00 00 00 00 97 00 14 02 0B 0D 02 0E 00 00 C1 87 40 01 01 88 06 2B 05 09 95 00 00 00 00 00 00 00 00 00 00 00 00 00 00 00 00 00 00 00 00 00 73 63 0E 00 09 00 CD 00 73 FF 00 00 00 00 00 00 00 00 00 00 00 00 00 00 00 00 00 00 00 00 00 00 00 00 00 00 0E 00 00 00 00 00 00 00 00 00 00 00 00 00 00 00 00 00 00 00 00 00 00 00 00 00 00 00 00 00 00 00 00 00 00 00 00 00 00 00 00 00 00 00 00 00 00 00 00 00 00 00 00 00 00 00 00 00 00 00 00 00 00 7E 00 00 00 19 AF 43 78 6F FB 2D 35 3B C3 
[13:02:11.909] F8 F8 C0 F0 08 00 00 00 00 97 00 14 02 0B 0D 02 0E 00 00 C1 87 40 01 01 88 06 2B 05 09 95 00 00 00 00 00 00 00 00 00 00 00 00 00 00 00 00 00 00 00 00 00 62 4E 0F 00 0A 00 04 01 73 FF 00 00 00 00 00 00 00 00 00 00 00 00 00 00 00 00 00 00 00 00 00 00 00 00 00 00 0E 00 00 00 00 00 00 00 00 00 00 00 00 00 00 00 00 00 00 00 00 00 00 00 00 00 00 00 00 00 00 00 00 00 00 00 00 00 00 00 00 00 00 00 00 00 00 00 00 00 00 00 00 00 00 00 00 00 00 00 00 00 00 82 00 00 00 4B AF 43 78 6F FB 2D 35 46 BA 
[13:02:12.409] F8 F8 C0 F0 08 00 00 00 00 97 00 14 02 0B 0D 02 0F 00 00 C1 87 40 01 01 88 06 2B 05 09 95 00 00 00 00 00 00 00 00 00 00 00 00 00 00 00 00 00 00 00 00 00 79 59 0F 00 0E 00 91 00 73 FF 00 00 00 00 00 00 00 00 00 00 00 00 00 00 00 00 00 00 00 00 00 00 00 00 00 00 0E 00 00 00 00 00 00 00 00 00 00 00 00 00 00 00 00 00 00 00 00 00 00 00 00 00 00 00 00 00 00 00 00 00 00 00 00 00 00 00 00 00 00 00 00 00 00 00 00 00 00 00 00 00 00 00 00 00 00 00 00 00 00 86 00 00 00 7D AF 43 78 6F FB 2D 35 24 1D 
[13:02:12.909] F8 F8 C0 F0 08 00 00 00 00 97 00 14 02 0B 0D 02 0F 00 00 C1 87 40 01 01 88 06 2B 05 09 95 00 00 00 00 00 00 00 00 00 00 00 00 00 00 00 00 00 00 00 00 00 D7 51 0F 00 0D 00 0C 01 73 FF 00 00 00 00 00 00 00 00 00 00 00 00 00 00 00 00 00 00 00 00 00 00 00 00 00 00 0E 00 