
[13:03:55.578] F8 F8 C0 F0 08 00 00 00 00 97 00 14 02 0B 0D 03 39 00 00 C1 A7 00 00 01 87 06 2B 05 09 95 00 00 00 00 00 00 00 00 00 00 00 00 00 00 00 00 00 00 00 00 00 02 00 2C 01 32 01 40 06 FD FF 00 00 00 00 00 00 00 00 00 00 00 00 00 00 00 00 00 00 00 00 00 00 00 00 00 00 00 0E 00 00 00 00 00 00 00 00 00 00 00 00 00 00 00 00 00 00 00 00 00 00 00 00 00 00 00 00 00 00 00 00 00 00 00 00 00 00 00 00 00 00 00 00 00 00 00 00 00 00 00 00 00 00 00 00 00 00 00 00 00 EF 00 00 00 CA D7 43 78 6F FB 2D 35 9C F4 
[13:03:56.094] F8 F8 C0 F0 08 00 00 00 00 97 00 14 02 0B 0D 03 3A 00 00 C1 A7 00 00 01 87 06 2B 05 09 95 00 00 00 00 00 00 00 00 00 00 00 00 00 00 00 00 00 00 00 00 00 02 00 2C 01 32 01 40 06 FD FF 00 00 00 00 00 00 00 00 00 00 00 00 00 00 00 00 00 00 00 00 00 00 00 00 00 00 00 0E 00 00 00 00 00 00 00 00 00 00 00 00 00 00 00 00 00 00 00 00 00 00 00 00 00 00 00 00 00 00 00 00 00 00 00 00 00 00 00 00 00 00 00 00 00 00 00 00 00 00 00 00 00 00 00 00 00 00 00 00 00 03 00 00 00 FD D7 43 78 6F FB 2D 35 25 93 
[13:03:56.594] F8 F8 C0 F0 08 00 00 00 00 97 00 14 02 0B 0D 03 3A 00 00 C1 A7 00 00 01 87 06 2B 05 09 95 00 00 00 00 00 00 00 00 00 00 00 00 00 00 00 00 00 00 00 00 00 03 00 2C 01 32 01 40 06 FD FF 00 00 00 00 00 00 00 00 00 00 00 00 00 00 00 00 00 00 00 00 00 00 00 00 00 00 00 0E 00 00 00 00 00 00 00 00 00 00 00 00 00 00 00 00 00 00 00 00 00 00 00 00 00 00 00 00 00 00 00 00 00 00 00 00 00 00 00 00 00 00 00 00 00 00 00 00 00 00 00 00 00 00 00 00 00 00 00 00 00 07 00 00 00 2E D8 43 78 6F FB 2D 35 4D 21 
[13:03:57.094] F8 F8 C0 F0 08 00 00 00 00 97 00 14 02 0B 0D 03 3B 00 00 C1 A7 00 00 01 87 06 2B 05 09 95 00 00 00 00 00 00 00 00 00 00 00 00 00 00 00 00 00 00 00 00 00 02 00 2C 01 32 01 40 06 FD FF 00 00 00 00 00 00 00 00 00 00 00 00 00 00 00 00 00 00 00 00 00 00 00 00 00 00 00 0E 00 00 00 00 00 00 00 00 00 00 00 00 00 00 00 00 00 00 00 00 00 00 00 00 00 00 00 00 00 00 00 00 00 00 00 00 00 00 00 00 00 00 00 00 00 00 00 00 00 00 00 00 00 00 00 00 00 00 00 00 00 0B 00 00 00 61 D8 43 78 6F FB 2D 35 26 8B 
[13:03:57.594] F8 F8 C0 F0 08 00 00 00 00 97 00 14 02 0B 0D 03 3B 00 00 C1 A7 00 00 01 87 06 2B 05 09 95 00 00 00 00 00 00 00 00 00 00 00 00 00 00 00 00 00 00 00 00 00 02 00 2C 01 32 01 40 06 FD FF 00 00 00 00 00 00 00 00 00 00 00 00 00 00 00 00 00 00 00 00 00 00 00 00 00 00 00 0E 00 00 00 00 00 00 00 00 00 00 00 00 00 00 00 00 00 00 00 00 00 00 00 00 00 00 00 00 00 00 00 00 00 00 00 00 00 00 00 00 00 00 00 00 00 00 00 00 00 00 00 00 00 00 00 00 00 00 00 00 00 0F 00 00 00 93 D8 43 78 6F FB 2D 35 D9 44 
[13:03:58.094] F8 F8 C0 F0 08 00 00 00 00 97 00 14 02 0B 0D 04 00 00 00 C1 A7 00 00 01 87 06 2B 05 09 95 00 00 00 00 00 00 00 00 00 00 00 00 00 00 00 00 00 00 00 00 00 02 00 2C 01 32 01 40 06 FD FF 00 00 00 00 00 00 00 00 00 00 00 00 00 00 00 00 00 00 00 00 00 00 00 00 00 00 00 0E 00 00 00 00 00 00 00 00 00 00 00 00 00 00 00 00 00 00 00 00 00 00 00 00 00 00 00 00 00 00 00 00 00 00 00 00 00 00 00 00 00 00 00 00 00 00 00 00 00 00 00 00 00 00 00 00 00 00 00 00 00 13 00 00 00 C5 D8 43 78 6F FB 2D 35 65 17 
[13:03:58.593] F8 F8 C0 F0 08 00 00 00 00 97 00 14 02 0B 0D 04 01 00 00 C1 A7 00 00 01 87 06 2B 05 09 95 00 00 00 00 00 00 00 00 00 00 00 00 00 00 00 00 00 00 00 00 00 02 00 2C 01 32 01 40 06 FD FF 00 00 00 00 00 00 00 00 00 00 00 00 00 00 00 00 00 00 00 00 00 00 00 00 00 00 00 0E 00 00 00 00 00 00 00 00 00 00 00 00 00 00 00 00 00 00 00 00 00 00 00 00 00 00 00 00 00 00 00 00 00 00 00 00 00 00 00 00 00 00 00 00 00 00 00 00 00 00 00 00 00 00 00 00 00 00 00 00 00 17 00 00 00 F7 D8 43 78 6F FB 2D 35 0B 8B 
[13:03:59.093] F8 F8 C0 F0 08 00 00 00 00 97 00 14 02 0B 0D 04 01 00 00 C1 A7 00 00 01 87 06 2B 05 09 95 00 00 00 00 00 00 00 00 00 00 00 00 00 00 00 00 00 00 00 00 00 02 00 2C 01 32 01 40 06 FD FF 00 00 00 00 00 00 00 00 00 00 00 00 00 00 00 00 00 00 00 00 00 00 00 00 00 00 00 0E 00 00 00 00 00 00 00 00 00 00 00 00 00 00 00 00 00 00 00 00 00 00 00 00 00 00 00 00 00 00 00 00 00 00 00 00 00 00 00 00 00 00 00 00 00 00 00 00 00 00 00 00 00 00 00 00 00 00 00 00 00 1B 00 00 00 29 D9 43 78 6F FB 2D 35 E2 8D 
[13:03:59.593] F8 F8 C0 F0 08 00 00 00 00 97 00 14 02 0B 0D 04 02 00 00 C1 A7 00 00 01 87 06 2B 05 09 95 00 00 00 00 00 00 00 00 00 00 00 00 00 00 00 00 00 00 00 00 00 02 00 2B 01 32 01 40 06 FD FF 00 00 00 00 00 00 00 00 00 00 00 00 00 00 00 00 00 00 00 00 00 00 00 00 00 00 00 0E 00 00 00 00 00 00 00 00 00 00 00 00 00 00 00 00 00 00 00 00 00 00 00 00 00 00 00 00 00 00 00 00 00 00 00 00 00 00 00 00 00 00 00 00 00 00 00 00 00 00 00 00 00 00 00 00 00 00 00 00 00 1F 00 00 00 5A D9 43 78 6F FB 2D 35 7D 51 
[13:04:00.093] F8 F8 C0 F0 08 00 00 00 00 97 00 14 02 0B 0D 04 02 00 00 C1 A7 00 00 01 87 06 2B 05 09 95 00 00 00 00 00 00 00 00 00 00 00 00 00 00 00 00 00 00 00 00 00 03 00 2B 01 32 01 40 06 FD FF 00 00 00 00 00 00 00 00 00 00 00 00 00 00 00 00 00 00 00 00 00 00 00 00 00 00 00 0E 00 00 00 00 00 00 00 00 00 00 00 00 00 00 00 00 00 00 00 00 00 00 00 00 00 00 00 00 00 00 00 00 00 00 00 00 00 00 00 00 00 00 00 00 00 00 00 00 00 00 00 00 00 00 00 00 00 00 00 00 00 23 00 00 00 8D D9 43 78 6F FB 2D 35 C9 24 
[13:04:00.593] F8 F8 C0 F0 08 00 00 00 00 97 00 14 02 0B 0D 04 03 00 00 C1 A7 00 00 01 87 06 2B 05 09 95 00 00 00 00 00 00 00 00 00 00 00 00 00 00 00 00 00 00 00 00 00 04 00 2C 01 32 01 40 06 FD FF 00 00 00 00 00 00 00 00 00 00 00 00 00 00 00 00 00 00 00 00 00 00 00 00 00 00 00 0E 00 00 00 00 00 00 00 00 00 00 00 00 00 00 00 00 00 00 00 00 00 00 00 00 00 00 00 00 00 00 00 00 00 00 00 00 00 00 00 00 00 00 00 00 00 00 00 00 00 00 00 00 00 00 00 00 00 00 00 00 00 27 00 00 00 BF D9 43 78 6F FB 2D 35 CC AB 
[13:04:01.093] F8 F8 C0 F0 08 00 00 00 00 97 00 14 02 0B 0D 04 03 00 00 C1 A7 00 00 01 87 06 2B 05 09 95 00 00 00 00 00 00 00 00 00 00 00 00 00 00 00 00 00 00 00 00 00 03 00 2C 01 32 01 40 06 FD FF 00 00 00 00 00 00 00 00 00 00 00 00 00 00 00 00 00 00 00 00 00 00 00 00 00 00 00 0E 00 00 00 00 00 00 00 00 00 00 00 00 00 00 00 00 00 00 00 00 00 00 00 00 00 00 00 00 00 00 00 00 00 00 00 00 00 00 00 00 00 00 00 00 00 00 00 00 00 00 00 00 00 00 00 00 00 00 00 00 00 2B 00 00 00 F1 D9 43 78 6F FB 2D 35 68 86 
[13:04:01.593] F8 F8 C0 F0 08 00 00 00 00 97 00 14 02 0B 0D 04 04 00 00 C1 A7 00 00 01 87 06 2B 05 09 95 00 00 00 00 00 00 00 00 00 00 00 00 00 00 00 00 00 00 00 00 00 02 00 2C 01 32 01 40 06 FD FF 00 00 00 00 00 00 00 00 00 00 00 00 00 00 00 00 00 00 00 00 00 00 00 00 00 00 00 0E 00 00 00 00 00 00 00 00 00 00 00 00 00 00 00 00 00 00 00 00 00 00 00 00 00 00 00 00 00 00 00 00 00 00 00 00 00 00 00 00 00 00 00 00 00 00 00 00 00 00 00 00 00 00 00 00 00 00 00 00 00 2F 00 00 00 22 DA 43 78 6F FB 2D 35 0A FC 
[13:04:02.093] F8 F8 C0 F0 08 00 00 00 00 97 00 14 02 0B 0D 04 04 00 00 C1 A7 00 00 01 87 06 2B 05 09 95 00 00 00 00 00 00 00 00 00 00 00 00 00 00 00 00 00 00 00 00 00 01 00 2C 01 32 01 40 06 FD FF 00 00 00 00 00 00 00 00 00 00 00 00 00 00 00 00 00 00 00 00 00 00 00 00 00 00 00 0E 00 00 00 00 00 00 00 00 00 00 00 00 00 00 00 00 00 00 00 00 00 00 00 00 00 00 00 00 00 00 00 00 00 00 00 00 00 00 00 00 00 00 00 00 00 00 00 00 00 00 00 00 00 00 00 00 00 00 00 00 00 33 00 00 00 55 DA 43 78 6F FB 2D 35 5C E6 
[13:04:02.592] F8 F8 C0 F0 08 00 00 00 00 97 00 14 02 0B 0D 04 04 00 00 C1 A7 00 00 01 87 06 2B 05 09 95 00 00 00 00 00 00 00 00 00 00 00 00 00 00 00 00 00 00 00 00 00 01 00 2C 01 32 01 40 06 FD FF 00 00 00 00 00 00 00 00 00 00 00 00 00 00 00 00 00 00 00 00 00 00 00 00 00 00 00 0E 00 00 00 00 00 00 00 00 00 00 00 00 00 00 00 00 00 00 00 00 00 00 00 00 00 00 00 00 00 00 00 00 00 00 00 00 00 00 00 00 00 00 00 00 00 00 00 00 00 00 00 00 00 00 00 00 00 00 00 00 00 37 00 00 00 87 DA 43 78 6F FB 2D 35 CB 52 
[13:04:03.092] F8 F8 C0 F0 08 00 00 00 00 97 00 14 02 0B 0D 04 05 00 00 C1 A7 00 00 01 87 06 2B 05 09 95 00 00 00 00 00 00 00 00 00 00 00 00 00 00 00 00 00 00 00 00 00 02 00 2C 01 32 01 40 06 FD FF 00 00 00 00 00 00 00 00 00 00 00 00 00 00 00 00 00 00 00 00 00 00 00 00 00 00 00 0E 00 00 00 00 00 00 00 00 00 00 00 00 00 00 00 00 00 00 00 00 00 00 00 00 00 00 00 00 00 00 00 00 00 00 00 00 00 00 00 00 00 00 00 00 00 00 00 00 00 00 00 00 00 00 00 00 00 00 00 00 00 3B 00 00 00 B9 DA 43 78 6F FB 2D 35 D4 88 
[13:04:03.608] F8 F8 C0 F0 08 00 00 00 00 97 00 14 02 0B 0D 04 05 00 00 C1 A7 00 00 01 87 06 2B 05 09 95 00 00 00 00 00 00 00 00 00 00 00 00 00 00 00 00 00 00 00 00 00 01 00 2C 01 32 01 40 06 FD FF 00 00 00 00 00 00 00 00 00 00 00 00 00 00 00 00 00 00 00 00 00 00 00 00 00 00 00 0E 00 00 00 00 00 00 00 00 00 00 00 00 00 00 00 00 00 00 00 00 00 00 00 00 00 00 00 00 00 00 00 00 00 00 00 00 00 00 00 00 00 00 00 00 00 00 00 00 00 00 00 00 00 00 00 00 00 00 00 00 00 3F 00 00 00 ED DA 43 78 6F FB 2D 35 67 0D 
[13:04:04.108] F8 F8 C0 F0 08 00 00 00 00 97 00 14 02 0B 0D 04 06 00 00 C1 A7 00 00 01 87 06 2B 05 09 95 00 00 00 00 00 00 00 00 00 00 00 00 00 00 00 00 00 00 00 00 00 01 00 2C 01 32 01 40 06 FD FF 00 00 00 00 00 00 00 00 00 00 00 00 00 00 00 00 00 00 00 00 00 00 00 00 00 00 00 0E 00 00 00 00 00 00 00 00 00 00 00 00 00 00 00 00 00 00 00 00 00 00 00 00 00 00 00 00 00 00 00 00 00 00 00 00 00 00 00 00 00 00 00 00 00 00 00 00 00 00 00 00 00 00 00 00 00 00 00 00 00 43 00 00 00 1F DB 43 78 6F FB 2D 35 A1 0C 
[13:04:04.608] F8 F8 C0 F0 08 00 00 00 00 97 00 14 02 0B 0D 04 06 00 00 C1 A7 00 00 01 87 06 2B 05 09 95 00 00 00 00 00 00 00 00 00 00 00 00 00 00 00 00 00 00 00 00 00 01 00 2C 01 32 01 40 06 FD FF 00 00 00 00 00 00 00 00 00 00 00 00 00 00 00 00 00 00 00 00 00 00 00 00 00 00 00 0E 00 00 00 00 00 00 00 00 00 00 00 00 00 00 00 00 00 00 00 00 00 00 00 00 00 00 00 00 00 00 00 00 00 00 00 00 00 00 00 00 00 00 00 00 00 00 00 00 00 00 00 00 00 00 00 00 00 00 00 00 00 47 00 00 00 51 DB 43 78 6F FB 2D 35 B4 69 
[13:04:05.107] F8 F8 C0 F0 08 00 00 00 00 97 00 14 02 0B 0D 04 07 00 00 C1 A7 00 00 01 87 06 2B 05 09 95 00 00 00 00 00 00 00 00 00 00 00 00 00 00 00 00 00 00 00 00 00 02 00 2C 01 32 01 40 06 FD FF 00 00 00 00 00 00 00 00 00 00 00 00 00 00 00 00 00 00 00 00 00 00 00 00 00 00 00 0E 00 00 00 00 00 00 00 00 00 00 00 00 00 00 00 00 00 00 00 00 00 00 00 00 00 00 00 00 00 00 00 00 00 00 00 00 00 00 00 00 00 00 00 00 00 00 00 00 00 00 00 00 00 00 00 00 00 00 00 00 00 4B 00 00 00 83 DB 43 78 6F FB 2D 35 25 D2 
[13:04:05.607] F8 F8 C0 F0 08 00 00 00 00 97 00 14 02 0B 0D 04 07 00 00 C1 A7 00 00 01 87 06 2B 05 09 95 00 00 00 00 00 00 00 00 00 00 00 00 00 00 00 00 00 00 00 00 00 02 00 2C 01 32 01 40 06 FD FF 00 00 00 00 00 00 00 00 00 00 00 00 00 00 00 00 00 00 00 00 00 00 00 00 00 00 00 0E 00 00 00 00 00 00 00 00 00 00 00 00 00 00 00 00 00 00 00 00 00 00 00 00 00 00 00 00 00 00 00 00 00 00 00 00 00 00 00 00 00 00 00 00 00 00 00 00 00 00 00 00 00 00 00 00 00 00 00 00 00 4F 00 00 00 B4 DB 43 78 6F FB 2D 35 35 5E 
[13:04:06.107] F8 F8 C0 F0 08 00 00 00 00 97 00 14 02 0B 0D 04 08 00 00 C1 A7 00 00 01 87 06 2B 05 09 95 00 00 00 00 00 00 00 00 00 00 00 00 00 00 00 00 00 00 00 00 00 02 00 2C 01 32 01 40 06 FD FF 00 00 00 00 00 00 00 00 00 00 00 00 00 00 00 00 00 00 00 00 00 00 00 00 00 00 00 0E 00 00 00 00 00 00 00 00 00 00 00 00 00 00 00 00 00 00 00 00 00 00 00 00 00 00 00 00 00 00 00 00 00 00 00 00 00 00 00 00 00 00 00 00 00 00 00 00 00 00 00 00 00 00 00 00 00 00 00 00 00 53 00 00 00 E6 DB 43 78 6F FB 2D 35 F8 47 