
[13:06:04.299] F8 F8 C0 F0 08 00 00 00 00 97 00 14 02 0B 0D 06 06 00 00 C1 A7 00 00 11 87 06 2B 05 09 95 00 00 00 00 00 00 00 00 00 00 00 00 00 00 00 00 00 00 00 00 00 02 00 2C 01 32 01 40 06 FC FF 00 00 00 00 00 00 00 00 00 00 00 00 00 00 00 00 00 00 00 00 00 00 00 00 00 00 00 0E 00 00 00 00 00 00 00 00 00 00 00 00 00 00 00 00 00 00 00 00 00 00 00 00 00 00 00 00 00 00 00 00 00 00 00 00 00 00 00 00 00 00 00 00 00 00 00 00 00 00 00 00 00 00 00 00 00 00 00 00 00 45 00 00 00 13 0A 44 78 6F FB 2D 35 59 76 
[13:06:04.814] F8 F8 C0 F0 08 00 00 00 00 97 00 14 02 0B 0D 06 07 00 00 C1 A7 00 00 11 87 06 2B 05 09 95 00 00 00 00 00 00 00 00 00 00 00 00 00 00 00 00 00 00 00 00 00 02 00 2C 01 32 01 40 06 FC FF 00 00 00 00 00 00 00 00 00 00 00 00 00 00 00 00 00 00 00 00 00 00 00 00 00 00 00 0E 00 00 00 00 00 00 00 00 00 00 00 00 00 00 00 00 00 00 00 00 00 00 00 00 00 00 00 00 00 00 00 00 00 00 00 00 00 00 00 00 00 00 00 00 00 00 00 00 00 00 00 00 00 00 00 00 00 00 00 00 00 49 00 00 00 45 0A 44 78 6F FB 2D 35 4A 73 
[13:06:05.314] F8 F8 C0 F0 08 00 00 00 00 97 00 14 02 0B 0D 06 07 00 00 C1 A7 00 00 11 87 06 2B 05 09 95 00 00 00 00 00 00 00 00 00 00 00 00 00 00 00 00 00 00 00 00 00 01 00 2C 01 32 01 40 06 FC FF 00 00 00 00 00 00 00 00 00 00 00 00 00 00 00 00 00 00 00 00 00 00 00 00 00 00 00 0E 00 00 00 00 00 00 00 00 00 00 00 00 00 00 00 00 00 00 00 00 00 00 00 00 00 00 00 00 00 00 00 00 00 00 00 00 00 00 00 00 00 00 00 00 00 00 00 00 00 00 00 00 00 00 00 00 00 00 00 00 00 4D 00 00 00 77 0A 44 78 6F FB 2D 35 8A FB 
[13:06:05.814] F8 F8 C0 F0 08 00 00 00 00 97 00 14 02 0B 0D 06 08 00 00 C1 A7 00 00 11 87 06 2B 05 09 95 00 00 00 00 00 00 00 00 00 00 00 00 00 00 00 00 00 00 00 00 00 02 00 2C 01 32 01 40 06 FC FF 00 00 00 00 00 00 00 00 00 00 00 00 00 00 00 00 00 00 00 00 00 00 00 00 00 00 00 0E 00 00 00 00 00 00 00 00 00 00 00 00 00 00 00 00 00 00 00 00 00 00 00 00 00 00 00 00 00 00 00 00 00 00 00 00 00 00 00 00 00 00 00 00 00 00 00 00 00 00 00 00 00 00 00 00 00 00 00 00 00 51 00 00 00 A8 0A 44 78 6F FB 2D 35 CC 05 
[13:06:06.314] F8 F8 C0 F0 08 00 00 00 00 97 00 14 02 0B 0D 06 08 00 00 C1 A7 00 00 11 87 06 2B 05 09 95 00 00 00 00 00 00 00 00 00 00 00 00 00 00 00 00 00 00 00 00 00 02 00 2C 01 32 01 40 06 FC FF 00 00 00 00 00 00 00 00 00 00 00 00 00 00 00 00 00 00 00 00 00 00 00 00 00 00 00 0E 00 00 00 00 00 00 00 00 00 00 00 00 00 00 00 00 00 00 00 00 00 00 00 00 00 00 00 00 00 00 00 00 00 00 00 00 00 00 00 00 00 00 00 00 00 00 00 00 00 00 00 00 00 00 00 00 00 00 00 00 00 55 00 00 00 DB 0A 44 78 6F FB 2D 35 61 70 
[13:06:06.814] F8 F8 C0 F0 08 00 00 00 00 97 00 14 02 0B 0D 06 09 00 00 C1 A7 00 00 11 87 06 2B 05 09 95 00 00 00 00 00 00 00 00 00 00 00 00 00 00 00 00 00 00 00 00 00 04 00 2C 01 32 01 40 06 FC FF 00 00 00 00 00 00 00 00 00 00 00 00 00 00 00 00 00 00 00 00 00 00 00 00 00 00 00 0E 00 00 00 00 00 00 00 00 00 00 00 00 00 00 00 00 00 00 00 00 00 00 00 00 00 00 00 00 00 00 00 00 00 00 00 00 00 00 00 00 00 00 00 00 00 00 00 00 00 00 00 00 00 00 00 00 00 00 00 00 00 59 00 00 00 0D 0B 44 78 6F FB 2D 35 4E A8 
[13:06:07.314] F8 F8 C0 F0 08 00 00 00 00 97 00 14 02 0B 0D 06 09 00 00 C1 A7 00 00 11 87 06 2B 05 09 95 00 00 00 00 00 00 00 00 00 00 00 00 00 00 00 00 00 00 00 00 00 04 00 2C 01 32 01 40 06 FC FF 00 00 00 00 00 00 00 00 00 00 00 00 00 00 00 00 00 00 00 00 00 00 00 00 00 00 00 0E 00 00 00 00 00 00 00 00 00 00 00 00 00 00 00 00 00 00 00 00 00 00 00 00 00 00 00 00 00 00 00 00 00 00 00 00 00 00 00 00 00 00 00 00 00 00 00 00 00 00 00 00 00 00 00 00 00 00 00 00 00 5D 00 00 00 3F 0B 44 78 6F FB 2D 35 E0 6C 
[13:06:07.814] F8 F8 C0 F0 08 00 00 00 00 97 00 14 02 0B 0D 06 0A 00 00 C1 A7 00 00 11 87 06 2B 05 09 95 00 00 00 00 00 00 00 00 00 00 00 00 00 00 00 00 00 00 00 00 00 03 00 2C 01 32 01 40 06 FC FF 00 00 00 00 00 00 00 00 00 00 00 00 00 00 00 00 00 00 00 00 00 00 00 00 00 00 00 0E 00 00 00 00 00 00 00 00 00 00 00 00 00 00 00 00 00 00 00 00 00 00 00 00 00 00 00 00 00 00 00 00 00 00 00 00 00 00 00 00 00 00 00 00 00 00 00 00 00 00 00 00 00 00 00 00 00 00 00 00 00 61 00 00 00 71 0B 44 78 6F FB 2D 35 F4 F1 
[13:06:08.314] F8 F8 C0 F0 08 00 00 00 00 97 00 14 02 0B 0D 06 0B 00 00 C1 A7 00 00 11 87 06 2B 05 09 95 00 00 00 00 00 00 00 00 00 00 00 00 00 00 00 00 00 00 00 00 00 03 00 2C 01 32 01 40 06 FC FF 00 00 00 00 00 00 00 00 00 00 00 00 00 00 00 00 00 00 00 00 00 00 00 00 00 00 00 0E 00 00 00 00 00 00 00 00 00 00 00 00 00 00 00 00 00 00 00 00 00 00 00 00 00 00 00 00 00 00 00 00 00 00 00 00 00 00 00 00 00 00 00 00 00 00 00 00 00 00 00 00 00 00 00 00 00 00 00 00 00 65 00 00 00 A3 0B 44 78 6F FB 2D 35 A3 1D 
[13:06:08.813] F8 F8 C0 F0 08 00 00 00 00 97 00 14 02 0B 0D 06 0B 00 00 C1 A7 00 00 11 87 06 2B 05 09 95 00 00 00 00 00 00 00 00 00 00 00 00 00 00 00 00 00 00 00 00 00 04 00 2C 01 32 01 40 06 FC FF 00 00 00 00 00 00 00 00 00 00 00 00 00 00 00 00 00 00 00 00 00 00 00 00 00 00 00 0E 00 00 00 00 00 00 00 00 00 00 00 00 00 00 00 00 00 00 00 00 00 00 00 00 00 00 00 00 00 00 00 00 00 00 00 00 00 00 00 00 00 00 00 00 00 00 00 00 00 00 00 00 00 00 00 00 00 00 00 00 00 69 00 00 00 D4 0B 44 78 6F FB 2D 35 D2 2F 
[13:06:09.313] F8 F8 C0 F0 08 00 00 00 00 97 00 14 02 0B 0D 06 0C 00 00 C1 A7 00 00 11 87 06 2B 05 09 95 00 00 00 00 00 00 00 00 00 00 00 00 00 00 00 00 00 00 00 00 00 04 00 2C 01 32 01 40 06 FC FF 00 00 00 00 00 00 00 00 00 00 00 00 00 00 00 00 00 00 00 00 00 00 00 00 00 00 00 0E 00 00 00 00 00 00 00 00 00 00 00 00 00 00 00 00 00 00 00 00 00 00 00 00 00 00 00 00 00 00 00 00 00 00 00 00 00 00 00 00 00 00 00 00 00 00 00 00 00 00 00 00 00 00 00 00 00 00 00 00 00 6D 00 00 00 07 0C 44 78 6F FB 2D 35 B3 5F 
[13:06:09.813] F8 F8 C0 F0 08 00 00 00 00 97 00 14 02 0B 0D 06 0C 00 00 C1 A7 00 00 11 87 06 2B 05 09 95 00 00 00 00 00 00 00 00 00 00 00 00 00 00 00 00 00 00 00 00 00 03 00 2C 01 32 01 40 06 FC FF 00 00 00 00 00 00 00 00 00 00 00 00 00 00 00 00 00 00 00 00 00 00 00 00 00 00 00 0E 00 00 00 00 00 00 00 00 00 00 00 00 00 00 00 00 00 00 00 00 00 00 00 00 00 00 00 00 00 00 00 00 00 00 00 00 00 00 00 00 00 00 00 00 00 00 00 00 00 00 00 00 00 00 00 00 00 00 00 00 00 71 00 00 00 39 0C 44 78 6F FB 2D 35 4B F5 
[13:06:10.329] F8 F8 C0 F0 08 00 00 00 00 97 00 14 02 0B 0D 06 0C 00 00 C1 A7 00 00 11 87 06 2B 05 09 95 00 00 00 00 00 00 00 00 00 00 00 00 00 00 00 00 00 00 00 00 00 02 00 2C 01 32 01 40 06 FC FF 00 00 00 00 00 00 00 00 00 00 00 00 00 00 00 00 00 00 00 00 00 00 00 00 00 00 00 0E 00 00 00 00 00 00 00 00 00 00 00 00 00 00 00 00 00 00 00 00 00 00 00 00 00 00 00 00 00 00 00 00 00 00 00 00 00 00 00 00 00 00 00 00 00 00 00 00 00 00 00 00 00 00 00 00 00 00 00 00 00 75 00 00 00 6D 0C 44 78 6F FB 2D 35 53 F7 
[13:06:10.829] F8 F8 C0 F0 08 00 00 00 00 97 00 14 02 0B 0D 06 0C 00 00 C1 A7 00 00 11 87 06 2B 05 09 95 00 00 00 00 00 00 00 00 00 00 00 00 00 00 00 00 00 00 00 00 00 02 00 2C 01 32 01 40 06 FC FF 00 00 00 00 00 00 00 00 00 00 00 00 00 00 00 00 00 00 00 00 00 00 00 00 00 00 00 0E 00 00 00 00 00 00 00 00 00 00 00 00 00 00 00 00 00 00 00 00 00 00 00 00 00 00 00 00 00 00 00 00 00 00 00 00 00 00 00 00 00 00 00 00 00 00 00 00 00 00 00 00 00 00 00 00 00 00 00 00 00 79 00 00 00 9F 0C 44 78 6F FB 2D 35 04 23 
[13:06:11.329] F8 F8 C0 F0 08 00 00 00 00 97 00 14 02 0B 0D 06 0D 00 00 C1 A7 00 00 11 87 06 2B 05 09 95 00 00 00 00 00 00 00 00 00 00 00 00 00 00 00 00 00 00 00 00 00 04 00 2C 01 32 01 40 06 FC FF 00 00 00 00 00 00 00 00 00 00 00 00 00 00 00 00 00 00 00 00 00 00 00 00 00 00 00 0E 00 00 00 00 00 00 00 00 00 00 00 00 00 00 00 00 00 00 00 00 00 00 00 00 00 00 00 00 00 00 00 00 00 00 00 00 00 00 00 00 00 00 00 00 00 00 00 00 00 00 00 00 00 00 00 00 00 00 00 00 00 7D 00 00 00 D1 0C 44 78 6F FB 2D 35 0D 86 
[13:06:11.828] F8 F8 C0 F0 08 00 00 00 00 97 00 14 02 0B 0D 06 0D 00 00 C1 A7 00 00 11 87 06 2B 05 09 95 00 00 00 00 00 00 00 00 00 00 00 00 00 00 00 00 00 00 00 00 00 04 00 2C 01 32 01 40 06 FC FF 00 00 00 00 00 00 00 00 00 00 00 00 00 00 00 00 00 00 00 00 00 00 00 00 00 00 00 0E 00 00 00 00 00 00 00 00 00 00 00 00 00 00 00 00 00 00 00 00 00 00 00 00 00 00 00 00 00 00 00 00 00 00 00 00 00 00 00 00 00 00 00 00 00 00 00 00 00 00 00 00 00 00 00 00 00 00 00 00 00 81 00 00 00 03 0D 44 78 6F FB 2D 35 42 BF 
[13:06:12.328] F8 F8 C0 F0 08 00 00 00 00 97 00 14 02 0B 0D 06 0E 00 00 C1 A7 00 00 11 87 06 2B 05 09 95 00 00 00 00 00 00 00 00 00 00 00 00 00 00 00 00 00 00 00 00 00 03 00 2C 01 32 01 40 06 FC FF 00 00 00 00 00 00 00 00 00 00 00 00 00 00 00 00 00 00 00 00 00 00 00 00 00 00 00 0E 00 00 00 00 00 00 00 00 00 00 00 00 00 00 00 00 00 00 00 00 00 00 00 00 00 00 00 00 00 00 00 00 00 00 00 00 00 00 00 00 00 00 00 00 00 00 00 00 00 00 00 00 00 00 00 00 00 00 00 00 00 85 00 00 00 35 0D 44 78 6F FB 2D 35 D8 CE 
[13:06:12.828] F8 F8 C0 F0 08 00 00 00 00 97 00 14 02 0B 0D 06 0F 00 00 C1 A7 00 00 11 87 06 2B 05 09 95 00 00 00 00 00 00 00 00 00 00 00 00 00 00 00 00 00 00 00 00 00 03 00 2C 01 32 01 40 06 FC FF 00 00 00 00 00 00 00 00 00 00 00 00 00 00 00 00 00 00 00 00 00 00 00 00 00 00 00 0E 00 00 00 00 00 00 00 00 00 00 00 00 00 00 00 00 00 00 00 00 00 00 00 00 00 00 00 00 00 00 00 00 00 00 00 00 00 00 00 00 00 00 00 00 00 00 00 00 00 00 00 00 00 00 00 00 00 00 00 00 00 89 00 00 00 67 0D 44 78 6F FB 2D 35 A6 C4 
[13:06:13.328] F8 F8 C0 F0 08 00 00 00 00 97 00 14 02 0B 0D 06 0F 00 00 C1 A7 00 00 11 87 06 2B 05 09 95 00 00 00 00 00 00 00 00 00 00 00 00 00 00 00 00 00 00 00 00 00 04 00 2C 01 32 01 40 06 FC FF 00 00 00 00 00 00 00 00 00 00 00 00 00 00 00 00 00 00 00 00 00 00 00 00 00 00 00 0E 00 00 00 00 00 00 00 00 00 00 00 00 00 00 00 00 00 00 00 00 00 00 00 00 00 00 00 00 00 00 00 00 00 00 00 00 00 00 00 00 00 00 00 00 00 00 00 00 00 00 00 00 00 00 00 00 00 00 00 00 00 8D 00 00 00 99 0D 44 78 6F FB 2D 35 F7 49 
[13:06:13.828] F8 F8 C0 F0 08 00 00 00 00 97 00 14 02 0B 0D 06 10 00 00 C1 A7 00 00 11 87 06 2B 05 09 95 00 00 00 00 00 00 00 00 00 00 00 00 00 00 00 00 00 00 00 00 00 04 00 2C 01 32 01 40 06 FC FF 00 00 00 00 00 00 00 00 00 00 00 00 00 00 00 00 00 00 00 00 00 00 00 00 00 00 00 0E 00 00 00 00 00 00 00 00 00 00 00 00 00 00 00 00 00 00 00 00 00 00 00 00 00 00 00 00 00 00 00 00 00 00 00 00 00 00 00 00 00 00 00 00 00 00 00 00 00 00 00 00 00 00 00 00 00 00 00 00 00 91 00 00 00 CB 0D 44 78 6F FB 2D 35 9F 8C 
[13:06:14.328] F8 F8 C0 F0 08 00 00 00 00 97 00 14 02 0B 0D 06 10 00 00 C1 A7 00 00 11 87 06 2B 05 09 95 00 00 00 00 00 00 00 00 00 00 00 00 00 00 00 00 00 00 00 00 00 04 00 2C 01 32 01 40 06 FC FF 00 00 00 00 00 00 00 00 00 00 00 00 00 00 00 00 00 00 00 00 00 00 00 00 00 00 00 0E 00 00 00 00 00 00 00 00 00 00 00 00 00 00 00 00 00 00 00 00 00 00 00 00 00 00 00 00 00 00 00 00 00 00 00 00 00 00 00 00 00 00 00 00 00 00 00 00 00 00 00 00 00 00 00 00 00 00 00 00 00 95 00 00 00 FD 0D 44 78 6F FB 2D 35 5C 47 