
[09:58:10.737] F8 F8 B0 F0 08 00 00 00 00 34 00 14 01 15 09 3A 38 00 00 81 27 24 02 01 9F 06 39 8A 01 19 BC 89 13 B2 04 26 03 E8 03 17 03 00 00 00 00 00 00 00 00 00 00 06 05 00 00 06 00 00 9D 71 EF D4 66 E9 DA 
[09:58:11.237] F8 F8 B0 F0 08 00 00 00 00 34 00 14 01 15 09 3A 39 00 00 81 27 24 02 01 9F 06 39 8A 01 19 BC 89 13 B2 04 27 03 E8 03 17 03 00 00 00 00 00 00 00 00 00 00 06 05 00 00 06 00 00 A1 A3 EF D4 66 31 F1 
[09:58:11.737] F8 F8 B0 F0 08 00 00 00 00 34 00 14 01 15 09 3A 39 00 00 81 27 24 02 01 9F 06 39 8A 01 19 BC 89 13 B2 04 26 03 E8 03 1F 03 00 00 00 00 00 00 00 00 00 00 06 05 00 00 06 00 00 A5 D5 EF D4 66 76 91 
[09:58:12.237] F8 F8 B0 F0 08 00 00 00 00 34 00 14 01 15 09 3A 3A 00 00 81 27 24 02 01 9F 06 39 8A 01 19 BC 89 13 B2 04 26 03 E8 03 1F 03 00 00 00 00 00 00 00 00 00 00 06 05 00 00 06 00 00 A9 07 F0 D4 66 63 76 
[09:58:12.737] F8 F8 B0 F0 08 00 00 00 00 34 00 14 01 15 09 3A 3A 00 00 81 27 24 02 01 9F 06 39 8A 01 19 BC 89 13 B2 04 25 03 E8 03 1F 03 00 00 00 00 00 00 00 00 00 00 06 05 00 00 06 00 00 AD 39 F0 D4 66 6A 1C 
[09:58:13.236] F8 F8 B0 F0 08 00 00 00 00 34 00 14 01 15 09 3A 3B 00 00 81 27 24 02 01 9F 06 39 8A 01 19 BC 89 13 B2 04 25 03 E8 03 1F 03 00 00 00 00 00 00 00 00 00 00 06 05 00 00 06 00 00 B1 6B F0 D4 66 AA C6 
[09:58:13.736] F8 F8 B0 F0 08 00 00 00 00 34 00 14 01 15 09 3A 3B 00 00 81 27 24 02 01 9F 06 39 8A 01 19 BC 89 13 B2 04 26 03 E8 03 26 03 00 00 00 00 00 00 00 00 00 00 06 05 00 00 06 00 00 B5 9D F0 D4 66 0B C5 
[09:58:14.236] F8 F8 B0 F0 08 00 00 00 00 34 00 14 01 15 09 3B 00 00 00 81 27 24 02 01 9F 06 39 8A 01 19 BC 89 13 B2 04 26 03 E8 03 26 03 00 00 00 00 00 00 00 00 00 00 06 05 00 00 06 00 00 B9 CF F0 D4 66 B7 55 
[09:58:14.736] F8 F8 B0 F0 08 00 00 00 00 34 00 14 01 15 09 3B 00 00 00 81 27 24 02 01 9F 06 39 8A 01 19 BC 89 13 B2 04 26 03 E8 03 2B 03 00 00 00 00 00 00 00 00 00 00 06 05 00 00 06 00 00 BD 01 F1 D4 66 49 B9 
[09:58:15.236] F8 F8 B0 F0 08 00 00 00 00 34 00 14 01 15 09 3B 01 00 00 81 27 24 02 01 9F 06 39 8A 01 19 BC 89 13 B2 04 26 03 E8 03 2B 03 00 00 00 00 00 00 00 00 00 00 06 05 00 00 06 00 00 C1 33 F1 D4 66 87 23 
[09:58:15.767] F8 F8 B0 F0 08 00 00 00 00 34 00 14 01 15 09 3B 02 00 00 81 27 24 02 01 9F 06 39 8A 01 19 BC 89 13 B2 04 26 03 E8 03 1E 03 00 00 00 00 00 00 00 00 00 00 06 05 00 00 06 00 00 C6 68 F1 D4 66 8A 42 
[09:58:16.236] F8 F8 B0 F0 08 00 00 00 00 34 00 14 01 15 09 3B 02 00 00 81 27 24 02 01 9F 06 39 8A 01 19 BC 89 13 B2 04 26 03 E8 03 1E 03 00 00 00 00 00 00 00 00 00 00 06 05 00 00 06 00 00 C9 97 F1 D4 66 D0 6C 
[09:58:16.751] F8 F8 B0 F0 08 00 00 00 00 34 00 14 01 15 09 3B 02 00 00 81 27 24 02 01 9F 06 39 8A 01 19 BC 89 13 B2 04 26 03 E8 03 19 03 00 00 00 00 00 00 00 00 00 00 06 05 00 00 06 00 00 CE CB F1 D4 66 04 B4 
[09:58:17.251] F8 F8 B0 F0 08 00 00 00 00 34 00 14 01 15 09 3B 02 00 00 81 27 24 02 01 9F 06 39 8A 01 19 BC 89 13 B2 04 26 03 E8 03 19 03 00 00 00 00 00 00 00 00 00 00 06 05 00 00 06 00 00 D2 FD F1 D4 66 05 30 