
[09:59:49.911] F8 F8 B0 F0 08 00 00 00 00 34 00 14 01 15 0A 00 23 00 00 81 27 00 00 01 8F 06 39 8A 01 19 BC 8A 13 B2 04 26 03 E8 03 20 03 00 00 00 00 00 00 00 00 00 00 06 05 00 00 06 00 00 E7 2D 16 D5 66 E7 A1 
[09:59:50.411] F8 F8 B0 F0 08 00 00 00 00 34 00 14 01 15 0A 00 24 00 00 81 27 00 00 01 8F 06 39 8A 01 19 BC 8A 13 B2 04 26 03 E8 03 27 03 00 00 00 00 00 00 00 00 00 00 06 05 00 00 06 00 00 EB 5F 16 D5 66 34 41 
[09:59:50.927] F8 F8 B0 F0 08 00 00 00 00 34 00 14 01 15 0A 00 24 00 00 81 27 00 00 01 8F 06 39 8A 01 19 BC 8A 13 B2 04 26 03 E8 03 27 03 00 00 00 00 00 00 00 00 00 00 06 05 00 00 06 00 00 EF 91 16 D5 66 CC D9 
[09:59:51.427] F8 F8 B0 F0 08 00 00 00 00 34 00 14 01 15 0A 00 25 00 00 81 27 00 00 01 8F 06 39 8A 01 19 BC 89 13 B2 04 26 03 E8 03 1B 03 00 00 00 00 00 00 00 00 00 00 06 05 00 00 06 00 00 03 C3 16 D5 66 50 63 
[09:59:51.911] F8 F8 B0 F0 08 00 00 00 00 34 00 14 01 15 0A 00 25 00 00 81 27 00 00 01 8F 06 39 8A 01 19 BC 8A 13 B2 04 26 03 E8 03 1B 03 00 00 00 00 00 00 00 00 00 00 06 05 00 00 06 00 00 07 F5 16 D5 66 EC 0A 
[09:59:52.411] F8 F8 B0 F0 08 00 00 00 00 34 00 14 01 15 0A 00 26 00 00 81 27 00 00 01 8F 06 39 8A 01 19 BC 8A 13 B2 04 26 03 E8 03 2E 03 00 00 00 00 00 00 00 00 00 00 06 05 00 00 06 00 00 0B 27 17 D5 66 61 9E 
[09:59:52.926] F8 F8 B0 F0 08 00 00 00 00 34 00 14 01 15 0A 00 26 00 00 81 27 00 00 01 8F 06 39 8A 01 19 BC 8A 13 B2 04 26 03 E8 03 2E 03 00 00 00 00 00 00 00 00 00 00 06 05 00 00 06 00 00 0F 59 17 D5 66 48 F7 
[09:59:53.426] F8 F8 B0 F0 08 00 00 00 00 34 00 14 01 15 0A 00 27 00 00 81 27 00 00 01 8F 06 39 8A 01 19 BC 8A 13 B2 04 27 03 E8 03 23 03 00 00 00 00 00 00 00 00 00 00 06 05 00 00 06 00 00 13 8B 17 D5 66 12 97 
[09:59:53.910] F8 F8 B0 F0 08 00 00 00 00 34 00 14 01 15 0A 00 27 00 00 81 27 00 00 01 8F 06 39 8A 01 19 BC 8A 13 B2 04 28 03 E8 03 23 03 00 00 00 00 00 00 00 00 00 00 06 05 00 00 06 00 00 17 BD 17 D5 66 09 DE 
[09:59:54.410] F8 F8 B0 F0 08 00 00 00 00 34 00 14 01 15 0A 00 28 00 00 81 27 00 00 01 8F 06 39 8A 01 19 BC 89 13 B2 04 29 03 E8 03 2D 03 00 00 00 00 00 00 00 00 00 00 06 05 00 00 06 00 00 1B EF 17 D5 66 26 56 
[09:59:54.926] F8 F8 B0 F0 08 00 00 00 00 34 00 14 01 15 0A 00 28 00 00 81 27 00 00 01 8F 06 39 8A 01 19 BC 89 13 B2 04 29 03 E8 03 2D 03 00 00 00 00 00 00 00 00 00 00 06 05 00 00 06 00 00 1F 21 18 D5 66 EF E2 
[09:59:55.426] F8 F8 B0 F0 08 00 00 00 00 34 00 14 01 15 0A 00 29 00 00 81 27 00 00 01 8F 06 39 8A 01 19 BC 89 13 B2 04 29 03 E8 03 20 03 00 00 00 00 00 00 00 00 00 00 06 05 00 00 06 00 00 23 53 18 D5 66 E3 44 
[09:59:55.926] F8 F8 B0 F0 08 00 00 00 00 34 00 14 01 15 0A 00 2A 00 00 81 27 00 00 01 8F 06 39 8A 01 19 BC 89 13 B2 04 29 03 E8 03 20 03 00 00 00 00 00 00 00 00 00 00 06 05 00 00 06 00 00 27 85 18 D5 66 78 04 
