
[09:29:29.985] F8 F8 B0 F0 08 00 00 00 00 34 00 14 01 15 09 1E 0F 00 00 81 07 00 00 11 8C 06 39 8A 01 19 BC 8A 13 A4 04 A3 02 E8 03 26 03 00 00 00 00 00 00 00 00 00 00 06 01 00 00 06 00 00 2E 1F 32 D6 66 99 5D 
[09:29:30.485] F8 F8 B0 F0 08 00 00 00 00 34 00 14 01 15 09 1E 10 00 00 81 07 00 00 11 8C 06 39 8A 01 19 BC 89 13 A4 04 A3 02 E8 03 25 03 00 00 00 00 00 00 00 00 00 00 06 01 00 00 06 00 00 32 50 32 D6 66 C3 8B 
[09:29:30.985] F8 F8 B0 F0 08 00 00 00 00 34 00 14 01 15 09 1E 11 00 00 81 07 00 00 11 8C 06 39 8A 01 19 BC 8A 13 A4 04 A3 02 E8 03 25 03 00 00 00 00 00 00 00 00 00 00 06 01 00 00 06 00 00 36 82 32 D6 66 86 61 
[09:29:31.485] F8 F8 B0 F0 08 00 00 00 00 34 00 14 01 15 09 1E 11 00 00 81 07 00 00 11 8C 06 39 8A 01 19 BC 89 13 A4 04 A3 02 E8 03 0B 03 00 00 00 00 00 00 00 00 00 00 06 01 00 00 06 00 00 3A B3 32 D6 66 AF C1 
[09:29:31.985] F8 F8 B0 F0 08 00 00 00 00 34 00 14 01 15 09 1E 12 00 00 81 07 00 00 11 8C 06 39 8A 01 19 BC 8A 13 A4 04 A2 02 E8 03 0B 03 00 00 00 00 00 00 00 00 00 00 06 01 00 00 06 00 00 3E E6 32 D6 66 8E 08 
[09:29:32.484] F8 F8 B0 F0 08 00 00 00 00 34 00 14 01 15 09 1E 12 00 00 81 07 00 00 11 8C 06 39 8A 01 19 BC 8A 13 A4 04 A2 02 E8 03 2C 03 00 00 00 00 00 00 00 00 00 00 06 01 00 00 06 00 00 42 18 33 D6 66 AB 91 
[09:29:32.984] F8 F8 B0 F0 08 00 00 00 00 34 00 14 01 15 09 1E 13 00 00 81 07 00 00 11 8C 06 39 8A 01 19 BC 89 13 A4 04 A3 02 E8 03 2C 03 00 00 00 00 00 00 00 00 00 00 06 01 00 00 06 00 00 46 4A 33 D6 66 42 82 
[09:29:33.484] F8 F8 B0 F0 08 00 00 00 00 34 00 14 01 15 09 1E 13 00 00 81 07 00 00 11 8C 06 39 8A 01 19 BC 89 13 A4 04 A2 02 E8 03 17 03 00 00 00 00 00 00 00 00 00 00 06 01 00 00 06 00 00 4A 7C 33 D6 66 44 17 
[09:29:33.984] F8 F8 B0 F0 08 00 00 00 00 34 00 14 01 15 09 1E 14 00 00 81 07 00 00 11 8C 06 39 8A 01 19 BC 8A 13 A4 04 A1 02 E8 03 17 03 00 00 00 00 00 00 00 00 00 00 06 01 00 00 06 00 00 4E AE 33 D6 66 B3 1C 

[09:29:34.999] F8 F8 B0 F0 08 00 00 00 00 34 00 14 01 15 09 1E 15 00 00 81 07 00 00 11 8C 06 39 8A 01 19 BC 89 13 A4 04 A0 02 E8 03 1E 03 00 00 00 00 00 00 00 00 00 00 06 01 00 00 06 00 00 56 14 34 D6 66 A8 9B 

[09:29:35.999] F8 F8 B0 F0 08 00 00 00 00 34 00 14 01 15 09 1E 16 00 00 81 07 00 00 11 8C 06 39 8A 01 19 BC 89 13 A5 04 9F 02 E8 03 27 03 00 00 00 00 00 00 00 00 00 00 06 01 00 00 06 00 00 5E 78 34 D6 66 D9 EF 
[09:29:36.499] F8 F8 B0 F0 08 00 00 00 00 34 00 14 01 15 09 1E 16 00 00 81 07 00 00 11 8C 06 39 8A 01 19 BC 89 13 A5 04 9F 02 E8 03 25 03 00 00 00 00 00 00 00 00 00 00 06 01 00 00 06 00 00 62 AA 34 D6 66 71 43 
[09:29:36.999] F8 F8 B0 F0 08 00 00 00 00 34 00 14 01 15 09 1E 16 00 00 81 07 00 00 11 8C 06 39 8A 01 19 BC 89 13 A5 04 9E 02 E8 03 25 03 00 00 00 00 00 00 00 00 00 00 06 01 00 00 06 00 00 66 DC 34 D6 66 0F 8B 
[09:29:37.499] F8 F8 B0 F0 08 00 00 00 00 34 00 14 01 15 09 1E 17 00 00 81 07 00 00 11 8C 06 39 8A 01 19 BC 89 13 A5 04 9E 02 E8 03 16 03 00 00 00 00 00 00 00 00 00 00 06 01 00 00 06 00 00 6A 0E 35 D6 66 6D 26 
[09:29:37.999] F8 F8 B0 F0 08 00 00 00 00 34 00 14 01 15 09 1E 17 00 00 81 07 00 00 11 8C 06 39 8A 01 19 BC 89 13 A5 04 9E 02 E8 03 16 03 00 00 00 00 00 00 00 00 00 00 06 01 00 00 06 00 00 6E 3F 35 D6 66 36 F5 
[09:29:38.499] F8 F8 B0 F0 08 00 00 00 00 34 00 14 01 15 09 1E 18 00 00 81 07 00 00 11 8C 06 39 8A 01 19 BC 89 13 A5 04 9E 02 E8 03 24 03 00 00 00 00 00 00 00 00 00 00 06 01 00 00 06 00 00 72 72 35 D6 66 94 CD 
[09:29:38.999] F8 F8 B0 F0 08 00 00 00 00 34 00 14 01 15 09 1E 18 00 00 81 07 00 00 11 8C 06 39 8A 01 19 BC 89 13 A5 04 9D 02 E8 03 24 03 00 00 00 00 00 00 00 00 00 00 06 01 00 00 06 00 00 76 A4 35 D6 66 B4 A6 
[09:29:39.498] F8 F8 B0 F0 08 00 00 00 00 34 00 14 01 15 09 1E 19 00 00 81 07 00 00 11 8C 06 39 8A 01 19 BC 89 13 A5 04 9D 02 E8 03 25 03 00 00 00 00 00 00 00 00 00 00 06 01 00 00 06 00 00 7A D5 35 D6 66 BF E3 
[09:29:39.998] F8 F8 B0 F0 08 00 00 00 00 34 00 14 01 15 09 1E 19 00 00 81 07 00 00 11 8C 06 39 8A 01 19 BC 89 13 A5 04 9D 02 E8 03 25 03 00 00 00 00 00 00 00 00 00 00 06 01 00 00 06 00 00 7E 07 36 D6 66 82 76 
[09:29:40.498] F8 F8 B0 F0 08 00 00 00 00 34 00 14 01 15 09 1E 1A 00 00 81 07 00 00 11 8C 06 39 8A 01 19 BC 88 13 A5 04 9E 02 E8 03 1B 03 00 00 00 00 00 00 00 00 00 00 06 01 00 00 06 00 00 82 39 36 D6 66 77 E4 
[09:29:40.998] F8 F8 B0 F0 08 00 00 00 00 34 00 14 01 15 09 1E 1A 00 00 81 07 00 00 11 8C 06 39 8A 01 19 BC 89 13 A5 04 9E 02 E8 03 1B 03 00 00 00 00 00 00 00 00 00 00 06 01 00 00 06 00 00 86 6B 36 D6 66 64 AC 
[09:29:41.498] F8 F8 B0 F0 08 00 00 00 00 34 00 14 01 15 09 1E 1B 00 00 81 07 00 00 11 8C 06 39 8A 01 19 BC 89 13 A4 04 9E 02 E8 03 24 03 00 00 00 00 00 00 00 00 00 00 06 01 00 00 06 00 00 8A 9D 36 D6 66 A3 B6 