
[09:32:04.762] F8 F8 B0 F0 08 00 00 00 00 34 00 14 01 15 09 20 32 00 00 80 27 00 00 01 8F 06 39 8A 01 19 BC 89 13 B2 04 DC 02 E8 03 0D 03 00 00 00 00 00 00 00 00 00 00 06 01 00 00 06 00 00 54 93 6E D6 66 67 AD 
[09:32:05.262] F8 F8 B0 F0 08 00 00 00 00 34 00 14 01 15 09 20 32 00 00 80 27 00 00 01 8F 06 39 8A 01 19 BC 89 13 B2 04 DB 02 E8 03 0D 03 00 00 00 00 00 00 00 00 00 00 06 01 00 00 06 00 00 58 C5 6E D6 66 02 8B 
[09:32:05.762] F8 F8 B0 F0 08 00 00 00 00 34 00 14 01 15 09 20 33 00 00 80 27 00 00 01 8F 06 39 8A 01 19 BC 8A 13 B2 04 DC 02 E8 03 1C 03 00 00 00 00 00 00 00 00 00 00 06 01 00 00 06 00 00 5C F7 6E D6 66 11 6D 
[09:32:06.262] F8 F8 B0 F0 08 00 00 00 00 34 00 14 01 15 09 20 33 00 00 80 27 00 00 01 8F 06 39 8A 01 19 BC 8A 13 B2 04 DD 02 E8 03 1C 03 00 00 00 00 00 00 00 00 00 00 06 01 00 00 06 00 00 60 28 6F D6 66 9D 85 
[09:32:06.762] F8 F8 B0 F0 08 00 00 00 00 34 00 14 01 15 09 20 34 00 00 80 27 00 00 01 8F 06 39 8A 01 19 BC 8A 13 B2 04 DD 02 E8 03 26 03 00 00 00 00 00 00 00 00 00 00 06 01 00 00 06 00 00 64 5B 6F D6 66 14 92 
[09:32:07.277] F8 F8 B0 F0 08 00 00 00 00 34 00 14 01 15 09 20 35 00 00 80 27 00 00 01 8F 06 39 8A 01 19 BC 8A 13 B2 04 DE 02 E8 03 26 03 00 00 00 00 00 00 00 00 00 00 06 01 00 00 06 00 00 68 8E 6F D6 66 27 AD 
[09:32:07.762] F8 F8 B0 F0 08 00 00 00 00 34 00 14 01 15 09 20 35 00 00 80 27 00 00 01 8F 06 39 8A 01 19 BC 8A 13 B2 04 DE 02 E8 03 2B 03 00 00 00 00 00 00 00 00 00 00 06 01 00 00 06 00 00 6C BF 6F D6 66 4A 3D 

[09:32:08.761] F8 F8 B0 F0 08 00 00 00 00 34 00 14 01 15 09 20 36 00 00 80 27 00 00 01 8F 06 39 8A 01 19 BC 8A 13 B2 04 DF 02 E8 03 20 03 00 00 00 00 00 00 00 00 00 00 06 01 00 00 06 00 00 74 22 70 D6 66 D9 38 
[09:32:09.261] F8 F8 B0 F0 08 00 00 00 00 34 00 14 01 15 09 20 37 00 00 80 27 00 00 01 8F 06 39 8A 01 19 BC 8A 13 B2 04 DF 02 E8 03 20 03 00 00 00 00 00 00 00 00 00 00 06 01 00 00 06 00 00 78 54 70 D6 66 FC 1B 
[09:32:09.761] F8 F8 B0 F0 08 00 00 00 00 34 00 14 01 15 09 20 37 00 00 80 27 00 00 01 8F 06 39 8A 01 19 BC 8A 13 B2 04 DF 02 E8 03 1D 03 00 00 00 00 00 00 00 00 00 00 06 01 00 00 06 00 00 7C 86 70 D6 66 52 54 
[09:32:10.261] F8 F8 B0 F0 08 00 00 00 00 34 00 14 01 15 09 20 38 00 00 80 27 00 00 01 8F 06 39 8A 01 19 BC 8A 13 B2 04 DF 02 E8 03 1D 03 00 00 00 00 00 00 00 00 00 00 06 01 00 00 06 00 00 80 B9 70 D6 66 12 56 
[09:32:10.761] F8 F8 B0 F0 08 00 00 00 00 34 00 14 01 15 09 20 38 00 00 80 27 00 00 01 8F 06 39 8A 01 19 BC 8A 13 B2 04 DF 02 E8 03 2C 03 00 00 00 00 00 00 00 00 00 00 06 01 00 00 06 00 00 84 EB 70 D6 66 B1 B0 
[09:32:11.261] F8 F8 B0 F0 08 00 00 00 00 34 00 14 01 15 09 20 39 00 00 80 27 00 00 01 8F 06 39 8A 01 19 BC 8A 13 B2 04 DF 02 E8 03 2C 03 00 00 00 00 00 00 00 00 00 00 06 01 00 00 06 00 00 88 1D 71 D6 66 9C 79 
[09:32:11.761] F8 F8 B0 F0 08 00 00 00 00 34 00 14 01 15 09 20 39 00 00 80 27 00 00 01 8F 06 39 8A 01 19 BC 89 13 B2 04 DF 02 E8 03 1F 03 00 00 00 00 00 00 00 00 00 00 06 01 00 00 06 00 00 8C 4E 71 D6 66 47 6C 
[09:32:12.260] F8 F8 B0 F0 08 00 00 00 00 34 00 14 01 15 09 20 3A 00 00 80 27 00 00 01 8F 06 39 8A 01 19 BC 89 13 B2 04 DE 02 E8 03 1F 03 00 00 00 00 00 00 00 00 00 00 06 01 00 00 06 00 00 90 80 71 D6 66 5B 90 
[09:32:12.792] F8 F8 B0 F0 08 00 00 00 00 34 00 14 01 15 09 20 3B 00 00 80 27 00 00 01 8F 06 39 8A 01 19 BC 89 13 B2 04 DE 02 E8 03 24 03 00 00 00 00 00 00 00 00 00 00 06 01 00 00 06 00 00 94 B2 71 D6 66 F7 24 
[09:32:13.260] F8 F8 B0 F0 08 00 00 00 00 34 00 14 01 15 09 20 3B 00 00 80 27 00 00 01 8F 06 39 8A 01 19 BC 89 13 B2 04 DF 02 E8 03 24 03 00 00 00 00 00 00 00 00 00 00 06 01 00 00 06 00 00 98 E4 71 D6 66 EA D9 
[09:32:13.760] F8 F8 B0 F0 08 00 00 00 00 34 00 14 01 15 09 21 00 00 00 80 27 00 00 01 8F 06 39 8A 01 19 BC 89 13 B2 04 DF 02 E8 03 23 03 00 00 00 00 00 00 00 00 00 00 06 01 00 00 06 00 00 9C 16 72 D6 66 54 7D 
[09:32:14.260] F8 F8 B0 F0 08 00 00 00 00 34 00 14 01 15 09 21 00 00 00 80 27 00 00 01 8F 06 39 8A 01 19 BC 89 13 B2 04 DF 02 E8 03 20 03 00 00 00 00 00 00 00 00 00 00 06 01 00 00 06 00 00 A0 49 72 D6 66 41 02 
