
[09:33:31.399] F8 F8 B0 F0 08 00 00 00 00 34 00 14 01 15 09 22 11 00 00 81 07 00 00 01 8E 06 39 8A 01 19 BC 89 13 A4 04 95 02 E8 03 2F 03 00 00 00 00 00 00 00 00 00 00 06 01 00 00 06 00 00 39 6A 90 D6 66 91 B1 
[09:33:31.914] F8 F8 B0 F0 08 00 00 00 00 34 00 14 01 15 09 22 12 00 00 81 07 00 00 01 8E 06 39 8A 01 19 BC 89 13 A4 04 95 02 E8 03 2F 03 00 00 00 00 00 00 00 00 00 00 06 01 00 00 06 00 00 3D 9C 90 D6 66 44 C6 
[09:33:32.414] F8 F8 B0 F0 08 00 00 00 00 34 00 14 01 15 09 22 12 00 00 81 07 00 00 01 8E 06 39 8A 01 19 BC 89 13 A4 04 94 02 E8 03 21 03 00 00 00 00 00 00 00 00 00 00 06 01 00 00 06 00 00 41 CE 90 D6 66 1D F6 
[09:33:32.899] F8 F8 B0 F0 08 00 00 00 00 34 00 14 01 15 09 22 13 00 00 81 07 00 00 01 8E 06 39 8A 01 19 BC 89 13 A4 04 94 02 E8 03 21 03 00 00 00 00 00 00 00 00 00 00 06 01 00 00 06 00 00 45 00 91 D6 66 37 94 
[09:33:33.414] F8 F8 B0 F0 08 00 00 00 00 34 00 14 01 15 09 22 13 00 00 81 07 00 00 01 8E 06 39 8A 01 19 BC 89 13 A4 04 94 02 E8 03 30 03 00 00 00 00 00 00 00 00 00 00 06 01 00 00 06 00 00 49 32 91 D6 66 CD A9 
[09:33:33.914] F8 F8 B0 F0 08 00 00 00 00 34 00 14 01 15 09 22 14 00 00 81 07 00 00 01 8E 06 39 8A 01 19 BC 89 13 A5 04 94 02 E8 03 30 03 00 00 00 00 00 00 00 00 00 00 06 01 00 00 06 00 00 4D 64 91 D6 66 9A 3A 
[09:33:34.414] F8 F8 B0 F0 08 00 00 00 00 34 00 14 01 15 09 22 14 00 00 81 07 00 00 01 8E 06 39 8A 01 19 BC 89 13 A5 04 93 02 E8 03 21 03 00 00 00 00 00 00 00 00 00 00 06 01 00 00 06 00 00 51 96 91 D6 66 72 4F 
[09:33:35.398] F8 F8 B0 F0 08 00 00 00 00 34 00 14 01 15 09 22 14 00 00 81 07 00 00 01 8E 06 39 8A 01 19 BC 89 13 A5 04 93 02 E8 03 1C 03 00 00 00 00 00 00 00 00 00 00 06 01 00 00 06 00 00 59 FA 91 D6 66 7C D8 
[09:33:35.913] F8 F8 B0 F0 08 00 00 00 00 34 00 14 01 15 09 22 15 00 00 81 07 00 00 01 8E 06 39 8A 01 19 BC 89 13 A5 04 93 02 E8 03 1C 03 00 00 00 00 00 00 00 00 00 00 06 01 00 00 06 00 00 5D 2C 92 D6 66 52 4A 
[09:33:36.429] F8 F8 B0 F0 08 00 00 00 00 34 00 14 01 15 09 22 16 00 00 81 07 00 00 01 8E 06 39 8A 01 19 BC 89 13 A5 04 93 02 E8 03 25 03 00 00 00 00 00 00 00 00 00 00 06 01 00 00 06 00 00 61 60 92 D6 66 F1 F5 
[09:33:36.929] F8 F8 B0 F0 08 00 00 00 00 34 00 14 01 15 09 22 16 00 00 81 07 00 00 01 8E 06 39 8A 01 19 BC 89 13 A5 04 92 02 E8 03 25 03 00 00 00 00 00 00 00 00 00 00 06 01 00 00 06 00 00 65 92 92 D6 66 46 2A 
[09:33:37.429] F8 F8 B0 F0 08 00 00 00 00 34 00 14 01 15 09 22 17 00 00 81 07 00 00 01 8E 06 39 8A 01 19 BC 89 13 A5 04 92 02 E8 03 2B 03 00 00 00 00 00 00 00 00 00 00 06 01 00 00 06 00 00 69 C4 92 D6 66 1E 24 
[09:33:37.929] F8 F8 B0 F0 08 00 00 00 00 34 00 14 01 15 09 22 17 00 00 81 07 00 00 01 8E 06 39 8A 01 19 BC 89 13 A4 04 92 02 E8 03 2B 03 00 00 00 00 00 00 00 00 00 00 06 01 00 00 06 00 00 6D F6 92 D6 66 86 65 
[09:33:38.429] F8 F8 B0 F0 08 00 00 00 00 34 00 14 01 15 09 22 18 00 00 81 07 00 00 01 8E 06 39 8A 01 19 BC 89 13 A4 04 92 02 E8 03 0D 03 00 00 00 00 00 00 00 00 00 00 06 01 00 00 06 00 00 71 28 93 D6 66 08 AB 
[09:33:38.928] F8 F8 B0 F0 08 00 00 00 00 34 00 14 01 15 09 22 18 00 00 81 07 00 00 01 8E 06 39 8A 01 19 BC 89 13 A4 04 92 02 E8 03 0D 03 00 00 00 00 00 00 00 00 00 00 06 01 00 00 06 00 00 75 5A 93 D6 66 13 8D 
[09:33:39.428] F8 F8 B0 F0 08 00 00 00 00 34 00 14 01 15 09 22 19 00 00 81 07 00 00 01 8E 06 39 8A 01 19 BC 89 13 A4 04 91 02 E8 03 0D 03 00 00 00 00 00 00 00 00 00 00 06 01 00 00 06 00 00 79 8C 93 D6 66 FC 29 
[09:33:39.928] F8 F8 B0 F0 08 00 00 00 00 34 00 14 01 15 09 22 19 00 00 81 07 00 00 01 8E 06 39 8A 01 19 BC 89 13 A4 04 91 02 E8 03 1C 03 00 00 00 00 00 00 00 00 00 00 06 01 00 00 06 00 00 7D BE 93 D6 66 2B 16 
[09:33:40.428] F8 F8 B0 F0 08 00 00 00 00 34 00 14 01 15 09 22 1A 00 00 81 07 00 00 01 8E 06 39 8A 01 19 BC 89 13 A4 04 92 02 E8 03 1C 03 00 00 00 00 00 00 00 00 00 00 06 01 00 00 06 00 00 81 F0 93 D6 66 2B 45 
[09:33:40.928] F8 F8 B0 F0 08 00 00 00 00 34 00 14 01 15 09 22 1A 00 00 81 07 00 00 01 8E 06 39 8A 01 19 BC 89 13 A4 04 93 02 E8 03 17 03 00 00 00 00 00 00 00 00 00 00 06 00 00 00 06 00 00 85 22 94 D6 66 37 01 
[09:33:41.428] F8 F8 B0 F0 08 00 00 00 00 34 00 14 01 15 09 22 1B 00 00 81 07 00 00 01 8E 06 39 8A 01 19 BC 89 13 A4 04 92 02 E8 03 17 03 00 00 00 00 00 00 00 00 00 00 06 01 00 00 06 00 00 89 54 94 D6 66 CF DE 
[09:33:41.928] F8 F8 B0 F0 08 00 00 00 00 34 00 14 01 15 09 22 1C 00 00 81 07 00 00 01 8E 06 39 8A 01 19 BC 89 13 A4 04 92 02 E8 03 1C 03 00 00 00 00 00 00 00 00 00 00 06 01 00 00 06 00 00 8D 86 94 D6 66 72 A2 
[09:33:42.427] F8 F8 B0 F0 08 00 00 00 00 34 00 14 01 15 09 22 1C 00 00 81 07 00 00 01 8E 06 39 8A 01 19 BC 89 13 A4 04 91 02 E8 03 1C 03 00 00 00 00 00 00 00 00 00 00 06 01 00 00 06 00 00 91 B8 94 D6 66 0C CE 