
[09:36:51.241] F8 F8 B0 F0 08 00 00 00 00 34 00 14 01 15 09 25 24 00 00 80 07 04 00 01 9C 06 39 8A 01 19 BC 89 13 A5 04 91 02 E8 03 17 03 00 00 00 00 00 00 00 00 00 00 06 00 00 00 06 00 00 D8 78 DE D6 66 08 CE 
[09:36:51.741] F8 F8 B0 F0 08 00 00 00 00 34 00 14 01 15 09 25 25 00 00 80 07 04 00 01 9C 06 39 8A 01 19 BC 89 13 A5 04 92 02 E8 03 16 03 00 00 00 00 00 00 00 00 00 00 06 00 00 00 06 00 00 DC AA DE D6 66 38 95 
[09:36:52.257] F8 F8 B0 F0 08 00 00 00 00 34 00 14 01 15 09 25 25 00 00 80 07 04 00 01 9C 06 39 8A 01 19 BC 89 13 A5 04 93 02 E8 03 16 03 00 00 00 00 00 00 00 00 00 00 06 01 00 00 06 00 00 E0 DE DE D6 66 A4 66 
[09:36:52.772] F8 F8 B0 F0 08 00 00 00 00 34 00 14 01 15 09 25 26 00 00 80 07 04 00 01 9C 06 39 8A 01 19 BC 89 13 A5 04 91 02 E8 03 1F 03 00 00 00 00 00 00 00 00 00 00 06 01 00 00 06 00 00 E4 10 DF D6 66 79 59 
[09:36:53.272] F8 F8 B0 F0 08 00 00 00 00 34 00 14 01 15 09 25 27 00 00 80 07 04 00 01 9C 06 39 8A 01 19 BC 89 13 A5 04 91 02 E8 03 1F 03 00 00 00 00 00 00 00 00 00 00 06 00 00 00 06 00 00 E8 42 DF D6 66 AA 5F 
[09:36:53.772] F8 F8 B0 F0 08 00 00 00 00 34 00 14 01 15 09 25 27 00 00 80 07 04 00 01 9C 06 39 8A 01 19 BC 89 13 A5 04 90 02 E8 03 17 03 00 00 00 00 00 00 00 00 00 00 06 01 00 00 06 00 00 EC 74 DF D6 66 38 89 
[09:36:54.272] F8 F8 B0 F0 08 00 00 00 00 34 00 14 01 15 09 25 28 00 00 80 07 04 00 01 9C 06 39 8A 01 19 BC 89 13 A5 04 91 02 E8 03 17 03 00 00 00 00 00 00 00 00 00 00 06 01 00 00 06 00 00 00 A6 DF D6 66 DA 16 
[09:36:54.772] F8 F8 B0 F0 08 00 00 00 00 34 00 14 01 15 09 25 28 00 00 80 07 04 00 01 9C 06 39 8A 01 19 BC 89 13 A5 04 92 02 E8 03 20 03 00 00 00 00 00 00 00 00 00 00 06 01 00 00 06 00 00 04 D8 DF D6 66 B3 57 
[09:36:55.272] F8 F8 B0 F0 08 00 00 00 00 34 00 14 01 15 09 25 29 00 00 80 07 04 00 01 9C 06 39 8A 01 19 BC 89 13 A5 04 91 02 E8 03 20 03 00 00 00 00 00 00 00 00 00 00 06 01 00 00 06 00 00 08 0A E0 D6 66 39 D0 
[09:36:55.771] F8 F8 B0 F0 08 00 00 00 00 34 00 14 01 15 09 25 29 00 00 80 07 04 00 01 9C 06 39 8A 01 19 BC 89 13 A5 04 92 02 E8 03 1F 03 00 00 00 00 00 00 00 00 00 00 06 00 00 00 06 00 00 0C 3C E0 D6 66 7F 0A 
[09:36:56.271] F8 F8 B0 F0 08 00 00 00 00 34 00 14 01 15 09 25 2A 00 00 80 07 04 00 01 9C 06 39 8A 01 19 BC 89 13 A5 04 91 02 E8 03 1F 03 00 00 00 00 00 00 00 00 00 00 06 00 00 00 06 00 00 10 6E E0 D6 66 E6 36 
[09:36:56.771] F8 F8 B0 F0 08 00 00 00 00 34 00 14 01 15 09 25 2A 00 00 80 07 04 00 01 9C 06 39 8A 01 19 BC 89 13 A4 04 92 02 E8 03 21 03 00 00 00 00 00 00 00 00 00 00 06 00 00 00 06 00 00 14 A0 E0 D6 66 7B 10 
[09:36:57.271] F8 F8 B0 F0 08 00 00 00 00 34 00 14 01 15 09 25 2B 00 00 80 07 04 00 01 9C 06 39 8A 01 19 BC 89 13 A4 04 91 02 E8 03 21 03 00 00 00 00 00 00 00 00 00 00 06 01 00 00 06 00 00 18 D2 E0 D6 66 5A 4C 
[09:36:57.771] F8 F8 B0 F0 08 00 00 00 00 34 00 14 01 15 09 25 2B 00 00 80 07 04 00 01 9C 06 39 8A 01 19 BC 89 13 A4 04 90 02 E8 03 20 03 00 00 00 00 00 00 00 00 00 00 06 01 00 00 06 00 00 1C 04 E1 D6 66 61 6E 
[09:36:58.271] F8 F8 B0 F0 08 00 00 00 00 34 00 14 01 15 09 25 2C 00 00 80 07 04 00 01 9C 06 39 8A 01 19 BC 89 13 A4 04 90 02 E8 03 20 03 00 00 00 00 00 00 00 00 00 00 06 01 00 00 06 00 00 20 36 E1 D6 66 C9 69 
[09:36:58.771] F8 F8 B0 F0 08 00 00 00 00 34 00 14 01 15 09 25 2D 00 00 80 07 04 00 01 9C 06 39 8A 01 19 BC 89 13 A4 04 8F 02 E8 03 24 03 00 00 00 00 00 00 00 00 00 00 06 01 00 00 06 00 00 24 69 E1 D6 66 9B F2 
[09:36:59.271] F8 F8 B0 F0 08 00 00 00 00 34 00 14 01 15 09 25 2D 00 00 80 07 04 00 01 9C 06 39 8A 01 19 BC 89 13 A4 04 90 02 E8 03 24 03 00 00 00 00 00 00 00 00 00 00 06 01 00 00 06 00 00 28 9A E1 D6 66 4E DF 
[09:36:59.771] F8 F8 B0 F0 08 00 00 00 00 34 00 14 01 15 09 25 2E 00 00 80 07 04 00 01 9C 06 39 8A 01 19 BC 89 13 A4 04 8F 02 E8 03 24 03 00 00 00 00 00 00 00 00 00 00 06 01 00 00 06 00 00 2C CC E1 D6 66 82 E0 
[09:37:00.270] F8 F8 B0 F0 08 00 00 00 00 34 00 14 01 15 09 25 2E 00 00 80 07 04 00 01 9C 06 39 8A 01 19 BC 89 13 A5 04 8F 02 E8 03 1B 03 00 00 00 00 00 00 00 00 00 00 06 01 00 00 06 00 00 30 FE E1 D6 66 A8 4A 
[09:37:00.770] F8 F8 B0 F0 08 00 00 00 00 34 00 14 01 15 09 25 2E 00 00 80 07 04 00 01 9C 06 39 8A 01 19 BC 89 13 A5 04 8F 02 E8 03 1B 03 00 00 00 00 00 00 00 00 00 00 06 01 00 00 06 00 00 34 30 E2 D6 66 00 8B 
[09:37:01.270] F8 F8 B0 F0 08 00 00 00 00 34 00 14 01 15 09 25 2E 00 00 80 07 04 00 01 9C 06 39 8A 01 19 BC 89 13 A5 04 8E 02 E8 03 25 03 00 00 00 00 00 00 00 00 00 00 06 01 00 00 06 00 00 38 62 E2 D6 66 2A 66 
[09:37:01.770] F8 F8 B0 F0 08 00 00 00 00 34 00 14 01 15 09 25 2F 00 00 80 07 04 00 01 9C 06 39 8A 01 19 BC 89 13 A5 04 8F 02 E8 03 25 03 00 00 00 00 00 00 00 00 00 00 06 01 00 00 06 00 00 3C 94 E2 D6 66 8E BE 
[09:37:02.270] F8 F8 B0 F0 08 00 00 00 00 34 00 14 01 15 09 25 2F 00 00 80 07 04 00 01 9C 06 39 8A 01 19 BC 89 13 A5 04 8F 02 E8 03 20 03 00 00 00 00 00 00 00 00 00 00 06 01 00 00 06 00 00 40 C6 E2 D6 66 7F 5B 
[09:37:02.770] F8 F8 B0 F0 08 00 00 00 00 34 00 14 01 15 09 25 30 00 00 80 07 04 00 01 9C 06 39 8A 01 19 BC 89 13 A5 04 8E 02 E8 03 30 03 00 00 00 00 00 00 00 00 00 00 06 00 00 00 06 00 00 44 F8 E2 D6 66 D2 B1 