s6 bypass all


[09:40:27.641] F8 F8 B0 F0 08 00 00 00 00 34 00 14 01 15 09 29 0E 00 00 81 07 24 03 01 9C 06 39 8A 01 19 BC 8A 13 A6 04 77 02 E8 03 25 03 00 00 00 00 00 00 00 00 00 00 06 FF 00 00 06 00 00 1A FB 32 D7 66 54 EB 
[09:40:28.125] F8 F8 B0 F0 08 00 00 00 00 34 00 14 01 15 09 29 0E 00 00 81 07 24 03 01 9C 06 39 8A 01 19 BC 8A 13 A6 04 77 02 E8 03 21 03 00 00 00 00 00 00 00 00 00 00 06 FF 00 00 06 00 00 1E 2C 33 D7 66 40 70 
[09:40:28.625] F8 F8 B0 F0 08 00 00 00 00 34 00 14 01 15 09 29 0E 00 00 81 07 24 03 01 9C 06 39 8A 01 19 BC 8A 13 A6 04 76 02 E8 03 21 03 00 00 00 00 00 00 00 00 00 00 06 FF 00 00 06 00 00 22 5E 33 D7 66 0C 7C 
[09:40:29.125] F8 F8 B0 F0 08 00 00 00 00 34 00 14 01 15 09 29 0E 00 00 81 07 24 03 01 9C 06 39 8A 01 19 BC 8A 13 A6 04 76 02 E8 03 18 03 00 00 00 00 00 00 00 00 00 00 06 FF 00 00 06 00 00 26 90 33 D7 66 3B BB 
[09:40:29.625] F8 F8 B0 F0 08 00 00 00 00 34 00 14 01 15 09 29 0F 00 00 81 07 24 03 01 9C 06 39 8A 01 19 BC 8A 13 A6 04 76 02 E8 03 18 03 00 00 00 00 00 00 00 00 00 00 06 FF 00 00 06 00 00 2A C1 33 D7 66 7D FE 
[09:40:30.125] F8 F8 B0 F0 08 00 00 00 00 34 00 14 01 15 09 29 0F 00 00 81 07 24 03 01 9C 06 39 8A 01 19 BC 8A 13 A6 04 76 02 E8 03 1C 03 00 00 00 00 00 00 00 00 00 00 06 FF 00 00 06 00 00 2E F3 33 D7 66 F6 6A 
[09:40:30.624] F8 F8 B0 F0 08 00 00 00 00 34 00 14 01 15 09 29 10 00 00 81 07 24 03 01 9C 06 39 8A 01 19 BC 8A 13 A6 04 75 02 E8 03 1C 03 00 00 00 00 00 00 00 00 00 00 06 FF 00 00 06 00 00 32 26 34 D7 66 7B 48 
[09:40:31.140] F8 F8 B0 F0 08 00 00 00 00 34 00 14 01 15 09 29 10 00 00 81 07 24 03 01 9C 06 39 8A 01 19 BC 8A 13 A6 04 75 02 E8 03 1C 03 00 00 00 00 00 00 00 00 00 00 06 FF 00 00 06 00 

[09:40:31.655] F8 F8 B0 F0 08 00 00 00 00 34 00 14 01 15 09 29 11 00 00 81 07 24 03 01 9C 06 39 8A 01 19 BC 8A 13 A6 04 74 02 E8 03 1C 03 00 00 00 00 00 00 00 00 00 00 06 FF 00 00 06 00 00 3A 8B 34 D7 66 D0 70 
[09:40:32.140] F8 F8 B0 F0 08 00 00 00 00 34 00 14 01 15 09 29 11 00 00 81 07 24 03 01 9C 06 39 8A 01 19 BC 8A 13 A6 04 75 02 E8 03 18 03 00 00 00 00 00 00 00 00 00 00 06 FF 00 00 06 00 00 3E BD 34 D7 66 3E 0A 
[09:40:32.640] F8 F8 B0 F0 08 00 00 00 00 34 00 14 01 15 09 29 12 00 00 81 07 24 03 01 9C 06 39 8A 01 19 BC 8A 13 A6 04 74 02 E8 03 18 03 00 00 00 00 00 00 00 00 00 00 06 FF 00 00 06 00 00 42 F0 34 D7 66 1A A9 
[09:40:33.171] F8 F8 B0 F0 08 00 00 00 00 34 00 14 01 15 09 29 13 00 00 81 07 24 03 01 9C 06 39 8A 01 19 BC 8A 13 A6 04 74 02 E8 03 1E 03 00 00 00 00 00 00 00 00 00 00 06 FF 00 00 06 00 00 46 22 35 D7 66 AF 2D 
[09:40:33.655] F8 F8 B0 F0 08 00 00 00 00 34 00 14 01 15 09 29 13 00 00 81 07 24 03 01 9C 06 39 8A 01 19 BC 8A 13 A6 04 73 02 E8 03 1E 03 00 00 00 00 00 00 00 00 00 00 06 FF 00 00 06 00 00 4A 54 35 D7 66 84 3C 
[09:40:34.139] F8 F8 B0 F0 08 00 00 00 00 34 00 14 01 15 09 29 14 00 00 81 07 24 03 01 9C 06 39 8A 01 19 BC 8A 13 A6 04 74 02 E8 03 26 03 00 00 00 00 00 00 00 00 00 00 06 FF 00 00 06 00 00 4E 85 35 D7 66 F9 BD 
[09:40:34.639] F8 F8 B0 F0 08 00 00 00 00 34 00 14 01 15 09 29 14 00 00 81 07 24 03 01 9C 06 39 8A 01 19 BC 8A 13 A6 04 74 02 E8 03 26 03 00 00 00 00 00 00 00 00 00 00 06 FF 00 00 06 00 00 52 B8 35 D7 66 E7 27 
[09:40:35.155] F8 F8 B0 F0 08 00 00 00 00 34 00 14 01 15 09 29 15 00 00 81 07 24 03 01 9C 06 39 8A 01 19 BC 8A 13 A6 04 75 02 E8 03 27 03 00 00 00 00 00 00 00 00 00 00 06 FF 00 00 06 00 00 56 EA 35 D7 66 C7 E8 
[09:40:35.655] F8 F8 B0 F0 08 00 00 00 00 34 00 14 01 15 09 29 15 00 00 81 07 24 03 01 9C 06 39 8A 01 19 BC 8A 13 A6 04 74 02 E8 03 27 03 00 00 00 00 00 00 00 00 00 00 06 FF 00 00 06 00 00 5A 1C 36 D7 66 FC A6 
[09:40:36.154] F8 F8 B0 F0 08 00 00 00 00 34 00 14 01 15 09 29 16 00 00 81 07 24 03 01 9C 06 39 8A 01 19 BC 8A 13 A6 04 74 02 E8 03 23 03 00 00 00 00 00 00 00 00 00 00 06 FF 00 00 06 00 00 5E 4D 36 D7 66 7E B6 
[09:40:36.654] F8 F8 B0 F0 08 00 00 00 00 34 00 14 01 15 09 29 16 00 00 81 07 24 03 01 9C 06 39 8A 01 19 BC 8A 13 A6 04 74 02 E8 03 23 03 00 00 00 00 00 00 00 00 00 00 06 FF 00 00 06 00 00 62 80 36 D7 66 99 BB 
[09:40:37.154] F8 F8 B0 F0 08 00 00 00 00 34 00 14 01 15 09 29 17 00 00 81 07 24 03 01 9C 06 39 8A 01 19 BC 8A 13 A6 04 75 02 E8 03 26 03 00 00 00 00 00 00 00 00 00 00 06 FF 00 00 06 00 00 66 B2 36 D7 66 67 F1 
[09:40:37.654] F8 F8 B0 F0 08 00 00 00 00 34 00 14 01 15 09 29 17 00 00 81 07 24 03 01 9C 06 39 8A 01 19 BC 8A 13 A6 04 75 02 E8 03 26 03 00 00 00 00 00 00 00 00 00 00 06 FF 00 00 06 00 00 6A E3 36 D7 66 C3 79 
[09:40:38.154] F8 F8 B0 F0 08 00 00 00 00 34 00 14 01 15 09 29 18 00 00 81 07 24 03 01 9C 06 39 8A 01 19 BC 89 13 A6 04 75 02 E8 03 19 03 00 00 00 00 00 00 00 00 00 00 06 FF 00 00 06 00 00 6E 15 37 D7 66 14 37 
[09:40:38.669] F8 F8 B0 F0 08 00 00 00 00 34 00 14 01 15 09 29 19 00 00 81 07 24 03 01 9C 06 39 8A 01 19 BC 89 13 A6 04 75 02 E8 03 19 03 00 00 00 00 00 00 00 00 00 00 06 FF 00 00 06 00 00 72 47 37 D7 66 D4 ED 
[09:40:39.154] F8 F8 B0 F0 08 00 00 00 00 34 00 14 01 15 09 29 19 00 00 81 07 24 03 01 9C 06 39 8A 01 19 BC 89 13 A6 04 77 02 E8 03 22 03 00 00 00 00 00 00 00 00 00 00 06 FF 00 00 06 00 00 76 79 37 D7 66 80 92 
[09:40:39.654] F8 F8 B0 F0 08 00 00 00 00 34 00 14 01 15 09 29 1A 00 00 81 07 24 03 01 9C 06 39 8A 01 19 BC 8A 13 A6 04 78 02 E8 03 24 03 00 00 00 00 00 00 00 00 00 00 06 FF 00 00 06 00 00 7A AB 37 D7 66 6A 88 
[09:40:40.153] F8 F8 B0 F0 08 00 00 00 00 34 00 14 01 15 09 29 1A 00 00 81 07 24 03 01 9C 06 39 8A 01 19 BC 8A 13 A6 04 7A 02 E8 03 24 03 00 00 00 00 00 00 00 00 00 00 06 FF 00 00 06 00 00 7E DD 37 D7 66 A8 2D 
[09:40:40.653] F8 F8 B0 F0 08 00 00 00 00 34 00 14 01 15 09 29 1A 00 00 81 07 24 03 01 9C 06 39 8A 01 19 BC 8A 13 A6 04 7A 02 E8 03 2E 03 00 00 00 00 00 00 00 00 00 00 06 FF 00 00 06 00 00 82 10 38 D7 66 F9 F9 
[09:40:41.153] F8 F8 B0 F0 08 00 00 00 00 34 00 14 01 15 09 29 1A 00 00 81 07 24 03 01 9C 06 39 8A 01 19 BC 8A 13 A6 04 7B 02 E8 03 2E 03 00 00 00 00 00 00 00 00 00 00 06 FF 00 00 06 00 00 86 41 38 D7 66 E4 57 
[09:40:41.653] F8 F8 B0 F0 08 00 00 00 00 34 00 14 01 15 09 29 1B 00 00 81 07 24 03 01 9C 06 39 8A 01 19 BC 8A 13 A6 04 7A 02 E8 03 1A 03 00 00 00 00 00 00 00 00 00 00 06 FF 00 00 06 00 00 8A 73 38 D7 66 C1 E8 
[09:40:42.153] F8 F8 B0 F0 08 00 00 00 00 34 00 14 01 15 09 29 1B 00 00 81 07 24 03 01 9C 06 39 8A 01 19 BC 8A 13 A6 04 7B 02 E8 03 1A 03 00 00 00 00 00 00 00 00 00 00 06 FF 00 00 06 00 00 8E A5 38 D7 66 C9 CA 
[09:40:42.669] F8 F8 B0 F0 08 00 00 00 00 34 00 14 01 15 09 29 1C 00 00 81 07 24 03 01 9C 06 39 8A 01 19 BC 8A 13 A6 04 7B 02 E8 03 1F 03 00 00 00 00 00 00 00 00 00 00 06 FF 00 00 06 00 00 93 D9 38 D7 66 4D 48 
[09:40:43.168] F8 F8 B0 F0 08 00 00 00 00 34 00 14 01 15 09 29 1C 00 00 81 07 24 03 01 9C 06 39 8A 01 19 BC 8A 13 A6 04 7A 02 E8 03 1F 03 00 00 00 00 00 00 00 00 00 00 06 FF 00 00 06 00 00 97 0B 39 D7 66 84 97 
[09:40:43.668] F8 F8 B0 F0 08 00 00 00 00 34 00 14 01 15 09 29 1D 00 00 81 07 24 03 01 9C 06 39 8A 01 19 BC 8A 13 A6 04 7A 02 E8 03 1F 03 00 00 00 00 00 00 00 00 00 00 06 FF 00 00 06 00 00 9B 3D 39 D7 66 3D DA 