
[09:41:25.728] F8 F8 B0 F0 08 00 00 00 00 34 00 14 01 15 09 2A 0B 00 00 81 07 24 03 01 9C 06 39 8A 01 19 BC 8B 13 A6 04 75 02 E8 03 1B 03 00 00 00 00 00 00 00 00 00 00 06 FF 00 00 06 00 00 0B AA 49 D7 66 8A 41 
[09:41:26.228] F8 F8 B0 F0 08 00 00 00 00 34 00 14 01 15 09 2A 0B 00 00 81 07 24 03 01 9C 06 39 8A 01 19 BC 8B 13 A6 04 76 02 E8 03 1F 03 00 00 00 00 00 00 00 00 00 00 06 FF 00 00 06 00 00 0F DC 49 D7 66 D0 1C 
[09:41:26.728] F8 F8 B0 F0 08 00 00 00 00 34 00 14 01 15 09 2A 0C 00 00 81 07 24 03 01 9C 06 39 8A 01 19 BC 8B 13 A6 04 76 02 E8 03 1F 03 00 00 00 00 00 00 00 00 00 00 06 FF 00 00 06 00 00 13 0E 4A D7 66 76 CE 
[09:41:27.228] F8 F8 B0 F0 08 00 00 00 00 34 00 14 01 15 09 2A 0C 00 00 81 07 24 03 01 9C 06 39 8A 01 19 BC 8B 13 A6 04 76 02 E8 03 24 03 00 00 00 00 00 00 00 00 00 00 06 FF 00 00 06 00 00 17 3F 4A D7 66 E4 2C 
[09:41:27.728] F8 F8 B0 F0 08 00 00 00 00 34 00 14 01 15 09 2A 0D 00 00 81 07 24 03 01 9C 06 39 8A 01 19 BC 8B 13 A6 04 77 02 E8 03 19 03 00 00 00 00 00 00 00 00 00 00 06 FF 00 00 06 00 00 1B 71 4A D7 66 BC 01 
[09:41:28.228] F8 F8 B0 F0 08 00 00 00 00 34 00 14 01 15 09 2A 0D 00 00 81 07 24 03 01 9C 06 39 8A 01 19 BC 8B 13 A6 04 76 02 E8 03 19 03 00 00 00 00 00 00 00 00 00 00 06 FF 00 00 06 00 00 1F A4 4A D7 66 68 B8 
[09:41:28.759] F8 F8 B0 F0 08 00 00 00 00 34 00 14 01 15 09 2A 0E 00 00 81 07 24 03 01 9C 06 39 8A 01 19 BC 8B 13 A6 04 75 02 E8 03 1E 03 00 00 00 00 00 00 00 00 00 00 06 FF 00 00 06 00 00 23 D8 4A D7 66 58 9C 
[09:41:29.259] F8 F8 B0 F0 08 00 00 00 00 34 00 14 01 15 09 2A 0E 00 00 81 07 24 03 01 9C 06 39 8A 01 19 BC 8B 13 A6 04 76 02 E8 03 1E 03 00 00 00 00 00 00 00 00 00 00 06 FF 00 00 06 00 00 27 0A 4B D7 66 B9 0A 
[09:41:29.759] F8 F8 B0 F0 08 00 00 00 00 34 00 14 01 15 09 2A 0F 00 00 81 07 24 03 01 9C 06 39 8A 01 19 BC 8A 13 A6 04 76 02 E8 03 28 03 00 00 00 00 00 00 00 00 00 00 06 FF 00 00 06 00 00 2B 3C 4B D7 66 B9 6C 
[09:41:30.274] F8 F8 B0 F0 08 00 00 00 00 34 00 14 01 15 09 2A 10 00 00 81 07 24 03 01 9C 06 39 8A 01 19 BC 8A 13 A6 04 76 02 E8 03 28 03 00 00 00 00 00 00 00 00 00 00 06 FF 00 00 06 00 00 2F 70 4B D7 66 87 95 
[09:41:30.759] F8 F8 B0 F0 08 00 00 00 00 34 00 14 01 15 09 2A 10 00 00 81 07 24 03 01 9C 06 39 8A 01 19 BC 8A 13 A6 04 76 02 E8 03 1D 03 00 00 00 00 00 00 00 00 00 00 06 FF 00 00 06 00 00 33 A0 4B D7 66 0F 99 
[09:41:31.259] F8 F8 B0 F0 08 00 00 00 00 34 00 14 01 15 09 2A 11 00 00 81 07 24 03 01 9C 06 39 8A 01 19 BC 8A 13 A6 04 76 02 E8 03 1D 03 00 00 00 00 00 00 00 00 00 00 06 FF 00 00 06 00 00 37 D2 4B D7 66 F6 72 
[09:41:31.758] F8 F8 B0 F0 08 00 00 00 00 34 00 14 01 15 09 2A 11 00 00 81 07 24 03 01 9C 06 39 8A 01 19 BC 8A 13 A6 04 76 02 E8 03 1D 03 00 00 00 00 00 00 00 00 00 00 06 FF 00 00 06 00 00 3B 04 4C D7 66 D7 F3 
[09:41:32.258] F8 F8 B0 F0 08 00 00 00 00 34 00 14 01 15 09 2A 12 00 00 81 07 24 03 01 9C 06 39 8A 01 19 BC 8A 13 A6 04 76 02 E8 03 29 03 00 00 00 00 00 00 00 00 00 00 06 FF 00 00 06 00 00 3F 37 4C D7 66 1A 97 
[09:41:32.743] F8 F8 B0 F0 08 00 00 00 00 34 00 14 01 15 09 2A 12 00 00 81 07 24 03 01 9C 06 39 8A 01 19 BC 8A 13 A6 04 76 02 E8 03 29 03 00 00 00 00 00 00 00 00 00 00 06 FF 00 00 06 00 00 43 67 4C D7 66 8C 74 
[09:41:33.242] F8 F8 B0 F0 08 00 00 00 00 34 00 14 01 15 09 2A 13 00 00 81 07 24 03 01 9C 06 39 8A 01 19 BC 8A 13 A6 04 76 02 E8 03 26 03 00 00 00 00 00 00 00 00 00 00 06 FF 00 00 06 00 00 47 99 4C D7 66 4F 20 
[09:41:33.742] F8 F8 B0 F0 08 00 00 00 00 34 00 14 01 15 09 2A 13 00 00 81 07 24 03 01 9C 06 39 8A 01 19 BC 8A 13 A6 04 76 02 E8 03 26 03 00 00 00 00 00 00 00 00 00 00 06 FF 00 00 06 00 00 4B CC 4C D7 66 1A 62 
[09:41:34.258] F8 F8 B0 F0 08 00 00 00 00 34 00 14 01 15 09 2A 14 00 00 81 07 24 03 01 9C 06 39 8A 01 19 BC 8A 13 A6 04 76 02 E8 03 2A 03 00 00 00 00 00 00 00 00 00 00 06 FF 00 00 06 00 00 4F FE 4C D7 66 44 1F 
[09:41:34.758] F8 F8 B0 F0 08 00 00 00 00 34 00 14 01 15 09 2A 14 00 00 81 07 24 03 01 9C 06 39 8A 01 19 BC 8A 13 A6 04 77 02 E8 03 2A 03 00 00 00 00 00 00 00 00 00 00 06 FF 00 00 06 00 00 53 30 4D D7 66 6F 92 
[09:41:35.258] F8 F8 B0 F0 08 00 00 00 00 34 00 14 01 15 09 2A 15 00 00 81 07 24 03 01 9C 06 39 8A 01 19 BC 8A 13 A6 04 77 02 E8 03 14 03 00 00 00 00 00 00 00 00 00 00 06 FF 00 00 06 00 00 57 62 4D D7 66 1E 94 
[09:41:35.757] F8 F8 B0 F0 08 00 00 00 00 34 00 14 01 15 09 2A 15 00 00 81 07 24 03 01 98 06 39 8A 01 19 BC 8B 13 A5 04 77 02 E8 03 14 03 00 00 00 00 00 00 00 00 00 00 06 FF 00 00 06 00 00 5B 94 4D D7 66 2E 7F 
[09:41:36.257] F8 F8 B0 F0 08 00 00 00 00 34 00 14 01 15 09 2A 16 00 00 81 07 24 03 01 98 06 39 8A 01 19 BC 8B 13 A5 04 77 02 E8 03 25 03 00 00 00 00 00 00 00 00 00 00 06 FF 00 00 06 00 00 5F C6 4D D7 66 8A DF 
[09:41:36.757] F8 F8 B0 F0 08 00 00 00 00 34 00 14 01 15 09 2A 17 00 00 81 07 24 03 01 98 06 39 8A 01 19 BC 8B 13 A5 04 76 02 E8 03 25 03 00 00 00 00 00 00 00 00 00 00 06 FF 00 00 06 00 00 63 F8 4D D7 66 8A 3F 
[09:41:37.257] F8 F8 B0 F0 08 00 00 00 00 34 00 14 01 15 09 2A 17 00 00 81 07 24 03 01 98 06 39 8A 01 19 BC 8B 13 A5 04 76 02 E8 03 21 03 00 00 00 00 00 00 00 00 00 00 06 FF 00 00 06 00 00 67 2A 4E D7 66 BB 76 
[09:41:37.757] F8 F8 B0 F0 08 00 00 00 00 34 00 14 01 15 09 2A 17 00 00 81 07 24 03 01 98 06 39 8A 01 19 BC 8A 13 A5 04 76 02 E8 03 21 03 00 00 00 00 00 00 00 00 00 00 06 FF 00 00 06 00 00 6B 5C 4E D7 66 3A C1 
[09:41:38.257] F8 F8 B0 F0 08 00 00 00 00 34 00 14 01 15 09 2A 17 00 00 81 07 24 03 01 98 06 39 8A 01 19 BC 8A 13 A5 04 76 02 E8 03 38 03 00 00 00 00 00 00 00 00 00 00 06 FF 00 00 06 00 00 6F 8E 4E D7 66 3E D2 
[09:41:38.757] F8 F8 B0 F0 08 00 00 00 00 34 00 14 01 15 09 2A 18 00 00 81 07 24 03 01 98 06 39 8A 01 19 BC 8A 13 A5 04 77 02 E8 03 38 03 00 00 00 00 00 00 00 00 00 00 06 FF 00 00 06 00 00 73 C0 4E D7 66 27 FB 
[09:41:39.257] F8 F8 B0 F0 08 00 00 00 00 34 00 14 01 15 09 2A 18 00 00 81 07 24 03 01 98 06 39 8A 01 19 BC 8A 13 A5 04 77 02 E8 03 0F 03 00 00 00 00 00 00 00 00 00 00 06 FF 00 00 06 00 00 77 F1 4E D7 66 80 6D 
[09:41:39.757] F8 F8 B0 F0 08 00 00 00 00 34 00 14 01 15 09 2A 19 00 00 81 07 24 03 01 98 06 39 8A 01 19 BC 8B 13 A5 04 77 02 E8 03 0F 03 00 00 00 00 00 00 00 00 00 00 06 FF 00 00 06 00 00 7B 24 4F D7 66 79 51 
[09:41:40.272] F8 F8 B0 F0 08 00 00 00 00 34 00 14 01 15 09 2A 19 00 00 81 07 24 03 01 98 06 39 8A 01 19 BC 8B 13 A5 04 77 02 E8 03 0A 03 00 00 00 00 00 00 00 00 00 00 06 FF 00 00 06 00 00 7F 58 4F D7 66 37 3E 
[09:41:40.772] F8 F8 B0 F0 08 00 00 00 00 34 00 14 01 15 09 2A 1A 00 00 81 07 24 03 01 98 06 39 8A 01 19 BC 8B 13 A6 04 76 02 E8 03 0A 03 00 00 00 00 00 00 00 00 00 00 06 FF 00 00 06 00 00 83 8A 4F D7 66 93 B6 
[09:41:41.272] F8 F8 B0 F0 08 00 00 00 00 34 00 14 01 15 09 2A 1A 00 00 81 07 24 03 01 98 06 39 8A 01 19 BC 8B 13 A6 04 76 02 E8 03 2B 03 00 00 00 00 00 00 00 00 00 00 06 FF 00 00 06 00 00 87 BC 4F D7 66 40 83 
[09:41:41.772] F8 F8 B0 F0 08 00 00 00 00 34 00 14 01 15 09 2A 1B 00 00 81 07 24 03 01 98 06 39 8A 01 19 BC 8B 13 A6 04 76 02 E8 03 2B 03 00 00 00 00 00 00 00 00 00 00 06 FF 00 00 06 00 00 8B EE 4F D7 66 DA 5D 
[09:41:42.272] F8 F8 B0 F0 08 00 00 00 00 34 00 14 01 15 09 2A 1C 00 00 81 07 24 03 01 98 06 39 8A 01 19 BC 8B 13 A6 04 75 02 E8 03 1B 03 00 00 00 00 00 00 00 00 00 00 06 FF 00 00 06 00 00 8F 20 50 D7 66 D5 46 
[09:41:42.771] F8 F8 B0 F0 08 00 00 00 00 34 00 14 01 15 09 2A 1C 00 00 81 07 24 03 01 98 06 39 8A 01 19 BC 8B 13 A6 04 75 02 E8 03 1B 03 00 00 00 00 00 00 00 00 00 00 06 FF 00 00 06 00 00 93 52 50 D7 66 B9 66 
[09:41:43.271] F8 F8 B0 F0 08 00 00 00 00 34 00 14 01 15 09 2A 1D 00 00 81 07 24 03 01 98 06 39 8A 01 19 BC 8B 13 A6 04 75 02 E8 03 28 03 00 00 00 00 00 00 00 00 00 00 06 FF 00 00 06 00 00 97 84 50 D7 66 37 34 
[09:41:43.771] F8 F8 B0 F0 08 00 00 00 00 34 00 14 01 15 09 2A 1D 00 00 81 07 24 03 01 98 06 39 8A 01 19 BC 8B 13 A6 04 75 02 E8 03 28 03 00 00 00 00 00 00 00 00 00 00 06 FF 00 00 06 00 00 9B B5 50 D7 66 41 E5 
[09:41:44.271] F8 F8 B0 F0 08 00 00 00 00 34 00 14 01 15 09 2A 1E 00 00 81 07 2C 03 01 98 06 39 8A 01 19 BC 8B 13 A6 04 75 02 E8 03 1F 03 00 00 00 00 00 00 00 00 00 00 06 FF 00 00 06 00 00 9F E7 50 D7 66 B1 A1 
[09:41:44.771] F8 F8 B0 F0 08 00 00 00 00 34 00 14 01 15 09 2A 1E 00 00 81 07 2C 03 01 98 06 39 8A 01 19 BC 8A 13 A6 04 75 02 E8 03 1F 03 00 00 00 00 00 00 00 00 00 00 06 FF 00 00 06 00 00 A3 19 51 D7 66 15 75 
[09:41:45.271] F8 F8 B0 F0 08 00 00 00 00 34 00 14 01 15 09 2A 1F 00 00 81 07 2C 03 01 98 06 39 8A 01 19 BC 8A 13 A6 04 75 02 E8 03 27 03 00 00 00 00 00 00 00 00 00 00 06 FF 00 00 06 00 00 A7 4B 51 D7 66 6E C1 
[09:41:45.771] F8 F8 B0 F0 08 00 00 00 00 34 00 14 01 15 09 2A 1F 00 00 81 07 2C 03 01 98 06 39 8A 01 19 BC 8B 13 A6 04 75 02 E8 03 27 03 00 00 00 00 00 00 00 00 00 00 06 FF 00 00 06 00 00 AB 7D 51 D7 66 73 18 
[09:41:46.271] F8 F8 B0 F0 08 00 00 00 00 34 00 14 01 15 09 2A 20 00 00 81 07 2C 03 01 98 06 39 8A 01 19 BC 8B 13 A6 04 75 02 E8 03 21 03 00 00 00 00 00 00 00 00 00 00 06 FF 00 00 06 00 00 AF AF 51 D7 66 DA 08 
[09:41:46.770] F8 F8 B0 F0 08 00 00 00 00 34 00 14 01 15 09 2A 20 00 00 81 07 2C 03 01 98 06 39 8A 01 19 BC 8B 13 A6 04 74 02 E8 03 21 03 00 00 00 00 00 00 00 00 00 00 06 FF 00 00 06 00 00 B3 E1 51 D7 66 F9 6F 
[09:41:47.270] F8 F8 B0 F0 08 00 00 00 00 34 00 14 01 15 09 2A 21 00 00 81 07 2C 03 01 98 06 39 8A 01 19 BC 8B 13 A6 04 75 02 E8 03 2C 03 00 00 00 00 00 00 00 00 00 00 06 FF 00 00 06 00 00 B7 13 52 D7 66 CA 67 
[09:41:47.786] F8 F8 B0 F0 08 00 00 00 00 34 00 14 01 15 09 2A 22 00 00 81 07 2C 03 01 98 06 39 8A 01 19 BC 8B 13 A6 04 76 02 E8 03 2C 03 00 00 00 00 00 00 00 00 00 00 06 FF 00 00 06 00 00 BB 45 52 D7 66 F8 95 
[09:41:48.270] F8 F8 B0 F0 08 00 00 00 00 34 00 14 01 15 09 2A 22 00 00 81 07 2C 03 01 98 06 39 8A 01 19 BC 8B 13 A6 04 77 02 E8 03 27 03 00 00 00 00 00 00 00 00 00 00 06 FF 00 00 06 00 00 BF 77 52 D7 66 D7 08 
[09:41:48.770] F8 F8 B0 F0 08 00 00 00 00 34 00 14 01 15 09 2A 22 00 00 81 07 2C 03 01 98 06 39 8A 01 19 BC 8B 13 A6 04 77 02 E8 03 27 03 00 00 00 00 00 00 00 00 00 00 06 FF 00 00 06 00 00 C3 AA 52 D7 66 FF 0F 
[09:41:49.270] F8 F8 B0 F0 08 00 00 00 00 34 00 14 01 15 09 2A 22 00 00 81 07 2C 03 01 98 06 39 8A 01 19 BC 8B 13 A6 04 77 02 E8 03 19 03 00 00 00 00 00 00 00 00 00 00 06 FF 00 00 06 00 00 C7 DB 52 D7 66 FE 68 
[09:41:49.770] F8 F8 B0 F0 08 00 00 00 00 34 00 14 01 15 09 2A 23 00 00 81 07 2C 03 01 98 06 39 8A 01 19 BC 8B 13 A6 04 77 02 E8 03 19 03 00 00 00 00 00 00 00 00 00 00 06 FF 00 00 06 00 00 CB 0D 53 D7 66 9D 96 
[09:41:50.270] F8 F8 B0 F0 08 00 00 00 00 34 00 14 01 15 09 2A 23 00 00 81 07 2C 03 01 98 06 39 8A 01 19 BC 8C 13 A6 04 77 02 E8 03 30 03 00 00 00 00 00 00 00 00 00 00 06 FF 00 00 06 00 00 CF 3F 53 D7 66 75 5F 
[09:41:50.770] F8 F8 B0 F0 08 00 00 00 00 34 00 14 01 15 09 2A 24 00 00 81 07 2C 03 01 98 06 39 8A 01 19 BC 8B 13 A6 04 77 02 E8 03 30 03 00 00 00 00 00 00 00 00 00 00 06 FF 00 00 06 00 00 D3 71 53 D7 66 DD C3 
[09:41:51.269] F8 F8 B0 F0 08 00 00 00 00 34 00 14 01 15 09 2A 24 00 00 81 07 2C 03 01 98 06 39 8A 01 19 BC 8B 13 A6 04 77 02 E8 03 0B 03 00 00 00 00 00 00 00 00 00 00 06 FF 00 00 06 00 00 D7 A3 53 D7 66 79 3E 
[09:41:51.785] F8 F8 B0 F0 08 00 00 00 00 34 00 14 01 15 09 2A 25 00 00 81 07 2C 03 01 98 06 39 8A 01 19 BC 8B 13 A6 04 78 02 E8 03 1C 03 00 00 00 00 00 00 00 00 00 00 06 FF 00 00 06 00 00 DB D7 53 D7 66 03 FE 
[09:41:52.285] F8 F8 B0 F0 08 00 00 00 00 34 00 14 01 15 09 2A 25 00 00 81 07 2C 03 01 98 06 39 8A 01 19 BC 8B 13 A6 04 78 02 E8 03 1C 03 00 00 00 00 00 00 00 00 00 00 06 FF 00 00 06 00 00 DF 09 54 D7 66 CC F8 
[09:41:52.785] F8 F8 B0 F0 08 00 00 00 00 34 00 14 01 15 09 2A 26 00 00 81 07 2C 03 01 98 06 39 8A 01 19 BC 8B 13 A6 04 78 02 E8 03 17 03 00 00 00 00 00 00 00 00 00 00 06 FF 00 00 06 00 00 E3 3B 54 D7 66 B3 09 
[09:41:53.285] F8 F8 B0 F0 08 00 00 00 00 34 00 14 01 15 09 2A 27 00 00 81 07 2C 03 01 98 06 39 8A 01 19 BC 8B 13 A6 04 78 02 E8 03 17 03 00 00 00 00 00 00 00 00 00 00 06 FF 00 00 06 00 00 E7 6D 54 D7 66 F5 1F 
[09:41:53.784] F8 F8 B0 F0 08 00 00 00 00 34 00 14 01 15 09 2A 27 00 00 81 07 2C 03 01 98 06 39 8A 01 19 BC 8B 13 A6 04 77 02 E8 03 35 03 00 00 00 00 00 00 00 00 00 00 06 FF 00 00 06 00 00 EB 9F 54 D7 66 36 C3 
[09:41:54.284] F8 F8 B0 F0 08 00 00 00 00 34 00 14 01 15 09 2A 28 00 00 81 07 2C 03 01 98 06 39 8A 01 19 BC 8B 13 A6 04 76 02 E8 03 35 03 00 00 00 00 00 00 00 00 00 00 06 FF 00 00 06 00 00 EF D1 54 D7 66 58 EC 
[09:41:54.784] F8 F8 B0 F0 08 00 00 00 00 34 00 14 01 15 09 2A 28 00 00 81 07 2C 03 01 98 06 39 8A 01 19 BC 8B 13 A6 04 76 02 E8 03 27 03 00 00 00 00 00 00 00 00 00 00 06 FF 00 00 06 00 00 03 04 55 D7 66 5C 51 
[09:41:55.284] F8 F8 B0 F0 08 00 00 00 00 34 00 14 01 15 09 2A 29 00 00 81 07 2C 03 01 98 06 39 8A 01 19 BC 8B 13 A6 04 75 02 E8 03 27 03 00 00 00 00 00 00 00 00 00 00 06 FF 00 00 06 00 00 07 35 55 D7 66 59 22 
[09:41:55.784] F8 F8 B0 F0 08 00 00 00 00 34 00 14 01 15 09 2A 29 00 00 81 07 2C 03 01 98 06 39 8A 01 19 BC 8B 13 A6 04 75 02 E8 03 33 03 00 00 00 00 00 00 00 00 00 00 06 FF 00 00 06 00 00 0B 67 55 D7 66 7E AD 
[09:41:56.284] F8 F8 B0 F0 08 00 00 00 00 34 00 14 01 15 09 2A 2A 00 00 81 07 2C 03 01 98 06 39 8A 01 19 BC 8B 13 A6 04 74 02 E8 03 33 03 00 00 00 00 00 00 00 00 00 00 06 FF 00 00 06 00 00 0F 99 55 D7 66 FC 7B 
[09:41:56.784] F8 F8 B0 F0 08 00 00 00 00 34 00 14 01 15 09 2A 2A 00 00 81 07 2C 03 01 98 06 39 8A 01 19 BC 8B 13 A6 04 74 02 E8 03 0F 03 00 00 00 00 00 00 00 00 00 00 06 FF 00 00 06 00 00 13 CB 55 D7 66 1E D8 
[09:41:57.284] F8 F8 B0 F0 08 00 00 00 00 34 00 14 01 15 09 2A 2B 00 00 81 07 2C 03 01 98 06 39 8A 01 19 BC 8B 13 A6 04 74 02 E8 03 0F 03 00 00 00 00 00 00 00 00 00 00 06 FF 00 00 06 00 00 17 FD 55 D7 66 8A 97 
[09:41:57.784] F8 F8 B0 F0 08 00 00 00 00 34 00 14 01 15 09 2A 2B 00 00 81 07 2C 03 01 98 06 39 8A 01 19 BC 8B 13 A6 04 73 02 E8 03 0F 03 00 00 00 00 00 00 00 00 00 00 06 FF 00 00 06 00 00 1B 2F 56 D7 66 76 FF 
[09:41:58.283] F8 F8 B0 F0 08 00 00 00 00 34 00 14 01 15 09 2A 2C 00 00 81 07 2C 03 01 98 06 39 8A 01 19 BC 8B 13 A6 04 72 02 E8 03 0F 03 00 00 00 00 00 00 00 00 00 00 06 FF 00 00 06 00 00 1F 61 56 D7 66 CE DF 
[09:41:58.799] F8 F8 B0 F0 08 00 00 00 00 34 00 14 01 15 09 2A 2D 00 00 81 07 2C 03 01 98 06 39 8A 01 19 BC 8B 13 A6 04 72 02 E8 03 0F 03 00 00 00 00 00 00 00 00 00 00 06 FF 00 00 06 00 00 23 93 56 D7 66 CC E7 
[09:41:59.283] F8 F8 B0 F0 08 00 00 00 00 34 00 14 01 15 09 2A 2D 00 00 81 07 2C 03 01 98 06 39 8A 01 19 BC 8A 13 A6 04 72 02 E8 03 37 03 00 00 00 00 00 00 00 00 00 00 06 FF 00 00 06 00 00 27 C5 56 D7 66 E2 0D 
[09:41:59.799] F8 F8 B0 F0 08 00 00 00 00 34 00 14 01 15 09 2A 2D 00 00 81 07 2C 03 01 98 06 39 8A 01 19 BC 8A 13 A6 04 72 02 E8 03 37 03 00 00 00 00 00 00 00 00 00 00 06 FF 00 00 06 00 00 2B F7 56 D7 66 48 47 
[09:42:00.298] F8 F8 B0 F0 08 00 00 00 00 34 00 14 01 15 09 2A 2D 00 00 81 07 2C 03 01 98 06 39 8A 01 19 BC 8B 13 A6 04 71 02 E8 03 2B 03 00 00 00 00 00 00 00 00 00 00 06 FF 00 00 06 00 00 2F 29 57 D7 66 BB F3 
[09:42:00.798] F8 F8 B0 F0 08 00 00 00 00 34 00 14 01 15 09 2A 2E 00 00 81 07 2C 03 01 98 06 39 8A 01 19 BC 8B 13 A6 04 71 02 E8 03 2B 03 00 00 00 00 00 00 00 00 00 00 06 FF 00 00 06 00 00 33 5B 57 D7 66 D0 95 
[09:42:01.298] F8 F8 B0 F0 08 00 00 00 00 34 00 14 01 15 09 2A 2E 00 00 81 07 2C 03 01 98 06 39 8A 01 19 BC 8B 13 A5 04 71 02 E8 03 15 03 00 00 00 00 00 00 00 00 00 00 06 FF 00 00 06 00 00 37 8D 57 D7 66 AB 52 
[09:42:01.798] F8 F8 B0 F0 08 00 00 00 00 34 00 14 01 15 09 2A 2F 00 00 81 07 2C 03 01 98 06 39 8A 01 19 BC 8B 13 A6 04 72 02 E8 03 15 03 00 00 00 00 00 00 00 00 00 00 06 FF 00 00 06 00 00 3B BF 57 D7 66 7E A3 
[09:42:02.298] F8 F8 B0 F0 08 00 00 00 00 34 00 14 01 15 09 2A 2F 00 00 81 07 2C 03 01 98 06 39 8A 01 19 BC 8B 13 A6 04 72 02 E8 03 07 03 00 00 00 00 00 00 00 00 00 00 06 FF 00 00 06 00 00 3F F1 57 D7 66 EB C8 
[09:42:02.798] F8 F8 B0 F0 08 00 00 00 00 34 00 14 01 15 09 2A 30 00 00 81 07 2C 03 01 98 06 39 8A 01 19 BC 8B 13 A6 04 72 02 E8 03 07 03 00 00 00 00 00 00 00 00 00 00 06 FF 00 00 06 00 00 43 23 58 D7 66 8A 66 
[09:42:03.313] F8 F8 B0 F0 08 00 00 00 00 34 00 14 01 15 09 2A 30 00 00 81 07 2C 03 01 98 06 39 8A 01 19 BC 8B 13 A6 04 72 02 E8 03 15 03 00 00 00 00 00 00 00 00 00 00 06 FF 00 00 06 00 00 48 57 58 D7 66 A4 2C 
[09:42:03.813] F8 F8 B0 F0 08 00 00 00 00 34 00 14 01 15 09 2A 31 00 00 81 07 2C 03 01 98 06 39 8A 01 19 BC 8B 13 A5 04 72 02 E8 03 15 03 00 00 00 00 00 00 00 00 00 00 06 FF 00 00 06 00 00 4C 89 58 D7 66 38 79 
[09:42:04.329] F8 F8 B0 F0 08 00 00 00 00 34 00 14 01 15 09 2A 32 00 00 81 07 2C 03 01 98 06 39 8A 01 19 BC 8B 13 A5 04 72 02 E8 03 2C 03 00 00 00 00 00 00 00 00 00 00 06 FF 00 00 06 00 00 50 BD 58 D7 66 99 09 
[09:42:04.813] F8 F8 B0 F0 08 00 00 00 00 34 00 14 01 15 09 2A 32 00 00 81 07 2C 03 01 98 06 39 8A 01 19 BC 8B 13 A6 04 72 02 E8 03 2C 03 00 00 00 00 00 00 00 00 00 00 06 FF 00 00 06 00 00 54 ED 58 D7 66 85 EE 
[09:42:05.313] F8 F8 B0 F0 08 00 00 00 00 34 00 14 01 15 09 2A 33 00 00 81 07 2C 03 01 98 06 39 8A 01 19 BC 8B 13 A6 04 72 02 E8 03 14 03 00 00 00 00 00 00 00 00 00 00 06 FF 00 00 06 00 00 58 1F 59 D7 66 95 85 
[09:42:05.813] F8 F8 B0 F0 08 00 00 00 00 34 00 14 01 15 09 2A 33 00 00 81 07 2C 03 01 98 06 39 8A 01 19 BC 8B 13 A6 04 71 02 E8 03 14 03 00 00 00 00 00 00 00 00 00 00 06 FF 00 00 06 00 00 5C 51 59 D7 66 E9 AD 
[09:42:06.313] F8 F8 B0 F0 08 00 00 00 00 34 00 14 01 15 09 2A 34 00 00 81 07 2C 03 01 98 06 39 8A 01 19 BC 8B 13 A6 04 72 02 E8 03 2D 03 00 00 00 00 00 00 00 00 00 00 06 FF 00 00 06 00 00 60 83 59 D7 66 D8 1C 
[09:42:06.813] F8 F8 B0 F0 08 00 00 00 00 34 00 14 01 15 09 2A 34 00 00 81 07 2C 03 01 98 06 39 8A 01 19 BC 8B 13 A6 04 72 02 E8 03 2D 03 00 00 00 00 00 00 00 00 00 00 06 FF 00 00 06 00 00 64 B5 59 D7 66 AE 9E 
[09:42:07.313] F8 F8 B0 F0 08 00 00 00 00 34 00 14 01 15 09 2A 35 00 00 81 07 2C 03 01 98 06 39 8A 01 19 BC 8B 13 A6 04 71 02 E8 03 20 03 00 00 00 00 00 00 00 00 00 00 06 FF 00 00 06 00 00 68 E7 59 D7 66 BE 6E 
[09:42:07.812] F8 F8 B0 F0 08 00 00 00 00 34 00 14 01 15 09 2A 35 00 00 81 07 2C 03 01 98 06 39 8A 01 19 BC 8B 13 A6 04 72 02 E8 03 20 03 00 00 00 00 00 00 00 00 00 00 06 FF 00 00 06 00 00 6C 19 5A D7 66 43 EE 
[09:42:08.312] F8 F8 B0 F0 08 00 00 00 00 34 00 14 01 15 09 2A 36 00 00 81 07 2C 03 01 98 06 39 8A 01 19 BC 8A 13 A6 04 71 02 E8 03 21 03 00 00 00 00 00 00 00 00 00 00 06 FF 00 00 06 00 00 70 4B 5A D7 66 9F BC 
[09:42:08.812] F8 F8 B0 F0 08 00 00 00 00 34 00 14 01 15 09 2A 36 00 00 81 07 2C 03 01 98 06 39 8A 01 19 BC 8B 13 A6 04 71 02 E8 03 21 03 00 00 00 00 00 00 00 00 00 00 06 FF 00 00 06 00 00 74 7D 5A D7 66 AF 67 
[09:42:09.312] F8 F8 B0 F0 08 00 00 00 00 34 00 14 01 15 09 2A 37 00 00 81 07 2C 03 01 98 06 39 8A 01 19 BC 8B 13 A6 04 71 02 E8 03 1C 03 00 00 00 00 00 00 00 00 00 00 06 FF 00 00 06 00 00 78 AF 5A D7 66 CE E7 
[09:42:09.828] F8 F8 B0 F0 08 00 00 00 00 34 00 14 01 15 09 2A 38 00 00 81 07 2C 03 01 98 06 39 8A 01 19 BC 8A 13 A6 04 71 02 E8 03 1C 03 00 00 00 00 00 00 00 00 00 00 06 FF 00 00 06 00 

[09:42:10.812] F8 F8 B0 F0 08 00 00 00 00 34 00 14 01 15 09 2A 39 00 00 81 07 2C 03 01 98 06 39 8A 01 19 BC 8A 13 A6 04 71 02 E8 03 17 03 00 00 00 00 00 00 00 00 00 00 06 FF 00 00 06 00 00 84 45 5B D7 66 60 A3 
[09:42:11.312] F8 F8 B0 F0 08 00 00 00 00 34 00 14 01 15 09 2A 39 00 00 81 07 2C 03 01 98 06 39 8A 01 19 BC 8A 13 A6 04 71 02 E8 03 1D 03 00 00 00 00 00 00 00 00 00 00 06 FF 00 00 06 00 00 88 77 5B D7 66 F5 2F 
[09:42:11.811] F8 F8 B0 F0 08 00 00 00 00 34 00 14 01 15 09 2A 39 00 00 81 07 2C 03 01 98 06 39 8A 01 19 BC 8B 13 A6 04 70 02 E8 03 1D 03 00 00 00 00 00 00 00 00 00 00 06 FF 00 00 06 00 00 8C A9 5B D7 66 78 D1 
[09:42:12.311] F8 F8 B0 F0 08 00 00 00 00 34 00 14 01 15 09 2A 39 00 00 81 07 2C 03 01 98 06 39 8A 01 19 BC 8B 13 A6 04 71 02 E8 03 2C 03 00 00 00 00 00 00 00 00 00 00 06 FF 00 00 06 00 00 90 DB 5B D7 66 76 22 
[09:42:12.811] F8 F8 B0 F0 08 00 00 00 00 34 00 14 01 15 09 2A 3A 00 00 81 07 2C 03 01 98 06 39 8A 01 19 BC 8A 13 A6 04 70 02 E8 03 2C 03 00 00 00 00 00 00 00 00 00 00 06 FF 00 00 06 00 00 94 0D 5C D7 66 AF 9A 
[09:42:13.311] F8 F8 B0 F0 08 00 00 00 00 34 00 14 01 15 09 2A 3A 00 00 81 07 2C 03 01 98 06 39 8A 01 19 BC 8A 13 A6 04 70 02 E8 03 2D 03 00 00 00 00 00 00 00 00 00 00 06 FF 00 00 06 00 00 98 3F 5C D7 66 06 E7 
[09:42:13.811] F8 F8 B0 F0 08 00 00 00 00 34 00 14 01 15 09 2A 3B 00 00 81 07 2C 03 01 98 06 39 8A 01 19 BC 8A 13 A6 04 71 02 E8 03 2D 03 00 00 00 00 00 00 00 00 00 00 06 FF 00 00 06 00 00 9C 71 5C D7 66 B0 4B 
[09:42:14.311] F8 F8 B0 F0 08 00 00 00 00 34 00 14 01 15 09 2A 3B 00 00 81 07 2C 03 01 98 06 39 8A 01 19 BC 8A 13 A6 04 70 02 E8 03 0F 03 00 00 00 00 00 00 00 00 00 00 06 FF 00 00 06 00 00 A0 A3 5C D7 66 2A 43 
[09:42:14.826] F8 F8 B0 F0 08 00 00 00 00 34 00 14 01 15 09 2B 00 00 00 81 07 2C 03 01 98 06 39 8A 01 19 BC 8B 13 A6 04 71 02 E8 03 0F 03 00 00 00 00 00 00 00 00 00 00 06 FF 00 00 06 00 00 A4 D7 5C D7 66 BE BC 
[09:42:15.342] F8 F8 B0 F0 08 00 00 00 00 34 00 14 01 15 09 2B 01 00 00 81 07 2C 03 01 98 06 39 8A 01 19 BC 8B 13 A6 04 72 02 E8 03 2E 03 00 00 00 00 00 00 00 00 00 00 06 FF 00 00 06 00 00 A8 09 5D D7 66 07 1D 
[09:42:15.826] F8 F8 B0 F0 08 00 00 00 00 34 00 14 01 15 09 2B 01 00 00 81 07 2C 03 01 98 06 39 8A 01 19 BC 8B 13 A6 04 72 02 E8 03 2E 03 00 00 00 00 00 00 00 00 00 00 06 FF 00 00 06 00 00 AC 3B 5D D7 66 80 55 
[09:42:16.326] F8 F8 B0 F0 08 00 00 00 00 34 00 14 01 15 09 2B 02 00 00 81 07 2C 03 01 98 06 39 8A 01 19 BC 8B 13 A6 04 72 02 E8 03 24 03 00 00 00 00 00 00 00 00 00 00 06 FF 00 00 06 00 00 B0 6D 5D D7 66 6B 08 
[09:42:16.826] F8 F8 B0 F0 08 00 00 00 00 34 00 14 01 15 09 2B 02 00 00 81 07 2C 03 01 98 06 39 8A 01 19 BC 8B 13 A6 04 71 02 E8 03 24 03 00 00 00 00 00 00 00 00 00 00 06 FF 00 00 06 00 00 B4 9F 5D D7 66 F4 9E 
[09:42:17.326] F8 F8 B0 F0 08 00 00 00 00 34 00 14 01 15 09 2B 03 00 00 81 07 2C 03 01 98 06 39 8A 01 19 BC 8B 13 A5 04 71 02 E8 03 19 03 00 00 00 00 00 00 00 00 00 00 06 FF 00 00 06 00 00 B8 D1 5D D7 66 19 8C 
[09:42:17.826] F8 F8 B0 F0 08 00 00 00 00 34 00 14 01 15 09 2B 03 00 00 81 07 2C 03 01 98 06 39 8A 01 19 BC 8B 13 A6 04 71 02 E8 03 19 03 00 00 00 00 00 00 00 00 00 00 06 FF 00 00 06 00 00 BC 03 5E D7 66 05 02 
[09:42:18.326] F8 F8 B0 F0 08 00 00 00 00 34 00 14 01 15 09 2B 04 00 00 81 07 2C 03 01 98 06 39 8A 01 19 BC 8B 13 A6 04 71 02 E8 03 15 03 00 00 00 00 00 00 00 00 00 00 06 FF 00 00 06 00 00 C0 35 5E D7 66 01 AA 
[09:42:18.825] F8 F8 B0 F0 08 00 00 00 00 34 00 14 01 15 09 2B 04 00 00 81 07 2C 03 01 98 06 39 8A 01 19 BC 8B 13 A6 04 71 02 E8 03 15 03 00 00 00 00 00 00 00 00 00 00 06 FF 00 00 06 00 00 C4 67 5E D7 66 54 BB 
[09:42:19.325] F8 F8 B0 F0 08 00 00 00 00 34 00 14 01 15 09 2B 05 00 00 81 07 2C 03 01 98 06 39 8A 01 19 BC 8B 13 A6 04 71 02 E8 03 23 03 00 00 00 00 00 00 00 00 00 00 06 FF 00 00 06 00 00 C8 99 5E D7 66 75 B2 
[09:42:19.825] F8 F8 B0 F0 08 00 00 00 00 34 00 14 01 15 09 2B 05 00 00 81 07 2C 03 01 98 06 39 8A 01 19 BC 8B 13 A6 04 71 02 E8 03 23 03 00 00 00 00 00 00 00 00 00 00 06 FF 00 00 06 00 00 CC CB 5E D7 66 20 A3 
[09:42:20.325] F8 F8 B0 F0 08 00 00 00 00 34 00 14 01 15 09 2B 06 00 00 81 07 2C 03 01 98 06 39 8A 01 19 BC 8B 13 A6 04 70 02 E8 03 34 03 00 00 00 00 00 00 00 00 00 00 06 FF 00 00 06 00 00 D0 FD 5E D7 66 E8 80 
[09:42:20.825] F8 F8 B0 F0 08 00 00 00 00 34 00 14 01 15 09 2B 06 00 00 81 07 2C 03 01 98 06 39 8A 01 19 BC 8B 13 A6 04 70 02 E8 03 34 03 00 00 00 00 00 00 00 00 00 00 06 FF 00 00 06 00 00 D4 2F 5F D7 66 B5 7B 
[09:42:21.325] F8 F8 B0 F0 08 00 00 00 00 34 00 14 01 15 09 2B 07 00 00 81 07 2C 03 01 98 06 39 8A 01 19 BC 8B 13 A6 04 70 02 E8 03 20 03 00 00 00 00 00 00 00 00 00 00 06 FF 00 00 06 00 00 D8 61 5F D7 66 E5 6D 
[09:42:21.825] F8 F8 B0 F0 08 00 00 00 00 34 00 14 01 15 09 2B 08 00 00 81 07 2C 03 01 98 06 39 8A 01 19 BC 8B 13 A6 04 6F 02 E8 03 20 03 00 00 00 00 00 00 00 00 00 00 06 FF 00 00 06 00 00 DC 93 5F D7 66 93 7A 
[09:42:22.325] F8 F8 B0 F0 08 00 00 00 00 34 00 14 01 15 09 2B 08 00 00 81 07 2C 03 01 98 06 39 8A 01 19 BC 8B 13 A6 04 6F 02 E8 03 11 03 00 00 00 00 00 00 00 00 00 00 06 FF 00 00 06 00 00 E0 C5 5F D7 66 02 58 
[09:42:22.824] F8 F8 B0 F0 08 00 00 00 00 34 00 14 01 15 09 2B 08 00 00 81 07 2C 03 01 98 06 39 8A 01 19 BC 8B 13 A6 04 6F 02 E8 03 11 03 00 00 00 00 00 00 00 00 00 00 06 FF 00 00 06 00 00 E4 F7 5F D7 66 85 10 
[09:42:23.324] F8 F8 B0 F0 08 00 00 00 00 34 00 14 01 15 09 2B 08 00 00 81 07 2C 03 01 98 06 39 8A 01 19 BC 8B 13 A6 04 6F 02 E8 03 17 03 00 00 00 00 00 00 00 00 00 00 06 FE 00 00 06 00 00 E8 29 60 D7 66 20 12 
[09:42:23.824] F8 F8 B0 F0 08 00 00 00 00 34 00 14 01 15 09 2B 09 00 00 81 07 2C 03 01 98 06 39 8A 01 19 BC 8B 13 A6 04 6F 02 E8 03 17 03 00 00 00 00 00 00 00 00 00 00 06 FF 00 00 06 00 00 EC 5B 60 D7 66 90 21 
[09:42:24.324] F8 F8 B0 F0 08 00 00 00 00 34 00 14 01 15 09 2B 09 00 00 81 07 2C 03 01 98 06 39 8A 01 19 BC 8B 13 A6 04 6F 02 E8 03 31 03 00 00 00 00 00 00 00 00 00 00 06 FF 00 00 06 00 00 00 8D 60 D7 66 81 2C 
[09:42:24.824] F8 F8 B0 F0 08 00 00 00 00 34 00 14 01 15 09 2B 0A 00 00 81 07 2C 03 01 98 06 39 8A 01 19 BC 8B 13 A6 04 6E 02 E8 03 31 03 00 00 00 00 00 00 00 00 00 00 06 FF 00 00 06 00 00 04 BF 60 D7 66 95 06 
[09:42:25.324] F8 F8 B0 F0 08 00 00 00 00 34 00 14 01 15 09 2B 0A 00 00 81 07 2C 03 01 98 06 39 8A 01 19 BC 8A 13 A6 04 6F 02 E8 03 19 03 00 00 00 00 00 00 00 00 00 00 06 FF 00 00 06 00 00 08 F1 60 D7 66 35 14 
[09:42:25.824] F8 F8 B0 F0 08 00 00 00 00 34 00 14 01 15 09 2B 0B 00 00 81 07 2C 03 01 98 06 39 8A 01 19 BC 8B 13 A6 04 6F 02 E8 03 19 03 00 00 00 00 00 00 00 00 00 00 06 FF 00 00 06 00 00 0C 23 61 D7 66 CC 7B 
[09:42:26.371] F8 F8 B0 F0 08 00 00 00 00 34 00 14 01 15 09 2B 0C 00 00 81 07 2C 03 01 98 06 39 8A 01 19 BC 8B 13 A6 04 6F 02 E8 03 13 03 00 00 00 00 00 00 00 00 00 00 06 FF 00 00 06 00 00 10 57 61 D7 66 EA FB 
[09:42:26.839] F8 F8 B0 F0 08 00 00 00 00 34 00 14 01 15 09 2B 0C 00 00 81 07 2C 03 01 98 06 39 8A 01 19 BC 8A 13 A6 04 6F 02 E8 03 19 03 00 00 00 00 00 00 00 00 00 00 06 FF 00 00 06 00 00 14 89 61 D7 66 CC E7 
[09:42:27.355] F8 F8 B0 F0 08 00 00 00 00 34 00 14 01 15 09 2B 0D 00 00 81 07 2C 03 01 98 06 39 8A 01 19 BC 8A 13 A6 04 70 02 E8 03 19 03 00 00 00 00 00 00 00 00 00 00 06 FF 00 00 06 00 00 18 BB 61 D7 66 EB C2 
[09:42:27.855] F8 F8 B0 F0 08 00 00 00 00 34 00 14 01 15 09 2B 0D 00 00 81 07 2C 03 01 98 06 39 8A 01 19 BC 8B 13 A6 04 70 02 E8 03 21 03 00 00 00 00 00 00 00 00 00 00 06 FF 00 00 06 00 00 1C ED 61 D7 66 C5 28 
[09:42:28.354] F8 F8 B0 F0 08 00 00 00 00 34 00 14 01 15 09 2B 0E 00 00 81 07 2C 03 01 98 06 39 8A 01 19 BC 8B 13 A6 04 70 02 E8 03 21 03 00 00 00 00 00 00 00 00 00 00 06 FF 00 00 06 00 00 20 1F 62 D7 66 72 C2 
[09:42:28.854] F8 F8 B0 F0 08 00 00 00 00 34 00 14 01 15 09 2B 0E 00 00 81 07 2C 03 01 98 06 39 8A 01 19 BC 8B 13 A6 04 70 02 E8 03 39 03 00 00 00 00 00 00 00 00 00 00 06 FF 00 00 06 00 00 24 51 62 D7 66 D8 6F 
[09:42:29.354] F8 F8 B0 F0 08 00 00 00 00 34 00 14 01 15 09 2B 0F 00 00 81 07 2C 03 01 98 06 39 8A 01 19 BC 8B 13 A6 04 70 02 E8 03 39 03 00 00 00 00 00 00 00 00 00 00 06 FF 00 00 06 00 00 28 83 62 D7 66 7A 6C 
[09:42:29.854] F8 F8 B0 F0 08 00 00 00 00 34 00 14 01 15 09 2B 0F 00 00 81 07 2C 03 01 98 06 39 8A 01 19 BC 8B 13 A6 04 70 02 E8 03 1E 03 00 00 00 00 00 00 00 00 00 00 06 FF 00 00 06 00 00 2C B5 62 D7 66 A3 EB 
[09:42:30.354] F8 F8 B0 F0 08 00 00 00 00 34 00 14 01 15 09 2B 10 00 00 81 07 2C 03 01 98 06 39 8A 01 19 BC 8B 13 A6 04 70 02 E8 03 1E 03 00 00 00 00 00 00 00 00 00 00 06 FF 00 00 06 00 00 30 E7 62 D7 66 17 AD 
[09:42:30.854] F8 F8 B0 F0 08 00 00 00 00 34 00 14 01 15 09 2B 10 00 00 81 07 2C 03 01 98 06 39 8A 01 19 BC 8B 13 A6 04 71 02 E8 03 14 03 00 00 00 00 00 00 00 00 00 00 06 FF 00 00 06 00 00 34 19 63 D7 66 9D CC 
[09:42:31.354] F8 F8 B0 F0 08 00 00 00 00 34 00 14 01 15 09 2B 11 00 00 81 07 2C 03 01 98 06 39 8A 01 19 BC 8B 13 A6 04 70 02 E8 03 14 03 00 00 00 00 00 00 00 00 00 00 06 FF 00 00 06 00 00 38 4B 63 D7 66 93 36 
[09:42:31.869] F8 F8 B0 F0 08 00 00 00 00 34 00 14 01 15 09 2B 12 00 00 81 07 2C 03 01 98 06 39 8A 01 19 BC 8B 13 A6 04 71 02 E8 03 15 03 00 00 00 00 00 00 00 00 00 00 06 FE 00 00 06 00 00 3C 7D 63 D7 66 3C 39 
[09:42:32.353] F8 F8 B0 F0 08 00 00 00 00 34 00 14 01 15 09 2B 12 00 00 81 07 2C 03 01 98 06 39 8A 01 19 BC 8B 13 A6 04 71 02 E8 03 15 03 00 00 00 00 00 00 00 00 00 00 06 FF 00 00 06 00 00 40 AF 63 D7 66 B3 32 
[09:42:32.853] F8 F8 B0 F0 08 00 00 00 00 34 00 14 01 15 09 2B 13 00 00 81 07 2C 03 01 98 06 39 8A 01 19 BC 8B 13 A6 04 72 02 E8 03 25 03 00 00 00 00 00 00 00 00 00 00 06 FF 00 00 06 00 00 44 E1 63 D7 66 D8 17 
[09:42:33.353] F8 F8 B0 F0 08 00 00 00 00 34 00 14 01 15 09 2B 13 00 00 81 07 2C 03 01 98 06 39 8A 01 19 BC 8B 13 A6 04 72 02 E8 03 25 03 00 00 00 00 00 00 00 00 00 00 06 FE 00 00 06 00 00 48 13 64 D7 66 0F B3 
[09:42:33.853] F8 F8 B0 F0 08 00 00 00 00 34 00 14 01 15 09 2B 13 00 00 81 07 2C 03 01 98 06 39 8A 01 19 BC 8B 13 A6 04 72 02 E8 03 0E 03 00 00 00 00 00 00 00 00 00 00 06 FF 00 00 06 00 00 4C 45 64 D7 66 78 C1 
[09:42:34.353] F8 F8 B0 F0 08 00 00 00 00 34 00 14 01 15 09 2B 13 00 00 81 07 2C 03 01 98 06 39 8A 01 19 BC 8B 13 A6 04 71 02 E8 03 0E 03 00 00 00 00 00 00 00 00 00 00 06 FF 00 00 06 00 00 50 77 64 D7 66 34 E2 
[09:42:34.853] F8 F8 B0 F0 08 00 00 00 00 34 00 14 01 15 09 2B 14 00 00 81 07 2C 03 01 98 06 39 8A 01 19 BC 8B 13 A6 04 72 02 E8 03 18 03 00 00 00 00 00 00 00 00 00 00 06 FF 00 00 06 00 00 54 A9 64 D7 66 62 BF 
[09:42:35.353] F8 F8 B0 F0 08 00 00 00 00 34 00 14 01 15 09 2B 14 00 00 81 07 2C 03 01 98 06 39 8A 01 19 BC 8A 13 A6 04 72 02 E8 03 18 03 00 00 00 00 00 00 00 00 00 00 06 FF 00 00 06 00 00 58 DB 64 D7 66 12 C2 
[09:42:35.853] F8 F8 B0 F0 08 00 00 00 00 34 00 14 01 15 09 2B 15 00 00 81 07 2C 03 01 98 06 39 8A 01 19 BC 8B 13 A6 04 72 02 E8 03 2E 03 00 00 00 00 00 00 00 00 00 00 06 FF 00 00 06 00 00 5C 0D 65 D7 66 E5 15 
[09:42:36.353] F8 F8 B0 F0 08 00 00 00 00 34 00 14 01 15 09 2B 15 00 00 81 07 2C 03 01 98 06 39 8A 01 19 BC 8B 13 A6 04 72 02 E8 03 2E 03 00 00 00 00 00 00 00 00 00 00 06 FF 00 00 06 00 00 60 3F 65 D7 66 A1 53 
[09:42:36.852] F8 F8 B0 F0 08 00 00 00 00 34 00 14 01 15 09 2B 16 00 00 81 07 2C 03 01 98 06 39 8A 01 19 BC 8B 13 A6 04 73 02 E8 03 2E 03 00 00 00 00 00 00 00 00 00 00 06 FF 00 00 06 00 00 64 71 65 D7 66 F2 74 
[09:42:37.368] F8 F8 B0 F0 08 00 00 00 00 34 00 14 01 15 09 2B 17 00 00 81 07 2C 03 01 98 06 39 8A 01 19 BC 8B 13 A6 04 72 02 E8 03 37 03 00 00 00 00 00 00 00 00 00 00 06 FF 00 00 06 00 00 68 A5 65 D7 66 34 AB 
[09:42:37.868] F8 F8 B0 F0 08 00 00 00 00 34 00 14 01 15 09 2B 17 00 00 81 07 2C 03 01 98 06 39 8A 01 19 BC 8B 13 A6 04 73 02 E8 03 37 03 00 00 00 00 00 00 00 00 00 00 06 FE 00 00 06 00 00 6C D7 65 D7 66 F2 71 
[09:42:38.368] F8 F8 B0 F0 08 00 00 00 00 34 00 14 01 15 09 2B 18 00 00 81 07 2C 03 01 98 06 39 8A 01 19 BC 8B 13 A6 04 73 02 E8 03 0C 03 00 00 00 00 00 00 00 00 00 00 06 FF 00 00 06 00 00 70 09 66 D7 66 30 0A 
[09:42:38.868] F8 F8 B0 F0 08 00 00 00 00 34 00 14 01 15 09 2B 18 00 00 81 07 2C 03 01 98 06 39 8A 01 19 BC 8B 13 A6 04 73 02 E8 03 0C 03 00 00 00 00 00 00 00 00 00 00 06 FF 00 00 06 00 00 74 3B 66 D7 66 B7 42 
[09:42:39.367] F8 F8 B0 F0 08 00 00 00 00 34 00 14 01 15 09 2B 19 00 00 81 07 2C 03 01 98 06 39 8A 01 19 BC 8B 13 A6 04 72 02 E8 03 29 03 00 00 00 00 00 00 00 00 00 00 06 FF 00 00 06 00 00 78 6D 66 D7 66 E1 19 
[09:42:39.867] F8 F8 B0 F0 08 00 00 00 00 34 00 14 01 15 09 2B 19 00 00 81 07 2C 03 01 98 06 39 8A 01 19 BC 8B 13 A6 04 72 02 E8 03 29 03 00 00 00 00 00 00 00 00 00 00 06 FF 00 00 06 00 00 7C 9F 66 D7 66 C2 E2 
[09:42:40.367] F8 F8 B0 F0 08 00 00 00 00 34 00 14 01 15 09 2B 1A 00 00 81 07 2C 03 01 98 06 39 8A 01 19 BC 8B 13 A6 04 72 02 E8 03 1E 03 00 00 00 00 00 00 00 00 00 00 06 FF 00 00 06 00 00 80 D1 66 D7 66 82 99 
[09:42:40.867] F8 F8 B0 F0 08 00 00 00 00 34 00 14 01 15 09 2B 1A 00 00 81 07 2C 03 01 98 06 39 8A 01 19 BC 8B 13 A6 04 72 02 E8 03 1E 03 00 00 00 00 00 00 00 00 00 00 06 FF 00 00 06 00 00 84 03 67 D7 66 DF 62 
[09:42:41.367] F8 F8 B0 F0 08 00 00 00 00 34 00 14 01 15 09 2B 1B 00 00 81 07 2C 03 01 98 06 39 8A 01 19 BC 8B 13 A6 04 72 02 E8 03 22 03 00 00 00 00 00 00 00 00 00 00 06 FF 00 00 06 00 00 88 35 67 D7 66 A6 9B 
[09:42:41.867] F8 F8 B0 F0 08 00 00 00 00 34 00 14 01 15 09 2B 1B 00 00 81 07 2C 03 01 98 06 39 8A 01 19 BC 8B 13 A6 04 72 02 E8 03 22 03 00 00 00 00 00 00 00 00 00 00 06 FF 00 00 06 00 00 8C 67 67 D7 66 F3 8A 
[09:42:42.367] F8 F8 B0 F0 08 00 00 00 00 34 00 14 01 15 09 2B 1C 00 00 81 07 2C 03 01 98 06 39 8A 01 19 BC 8B 13 A6 04 71 02 E8 03 22 03 00 00 00 00 00 00 00 00 00 00 06 FF 00 00 06 00 00 90 99 67 D7 66 C5 14 
[09:42:42.867] F8 F8 B0 F0 08 00 00 00 00 34 00 14 01 15 09 2B 1C 00 00 81 07 2C 03 01 98 06 39 8A 01 19 BC 8A 13 A6 04 71 02 E8 03 22 03 00 00 00 00 00 00 00 00 00 00 06 FF 00 00 06 00 00 94 CB 67 D7 66 D6 5C 
[09:42:43.366] F8 F8 B0 F0 08 00 00 00 00 34 00 14 01 15 09 2B 1D 00 00 81 07 2C 03 01 98 06 39 8A 01 19 BC 8A 13 A6 04 71 02 E8 03 2C 03 00 00 00 00 00 00 00 00 00 00 06 FF 00 00 06 00 00 98 FD 67 D7 66 5C 0B 
[09:42:43.866] F8 F8 B0 F0 08 00 00 00 00 34 00 14 01 15 09 2B 1E 00 00 81 07 2C 03 01 98 06 39 8A 01 19 BC 8A 13 A6 04 71 02 E8 03 2C 03 00 00 00 00 00 00 00 00 00 00 06 FF 00 00 06 00 00 9C 2F 68 D7 66 07 AD 
[09:42:44.366] F8 F8 B0 F0 08 00 00 00 00 34 00 14 01 15 09 2B 1E 00 00 81 07 2C 03 01 98 06 39 8A 01 19 BC 8A 13 A6 04 72 02 E8 03 18 03 00 00 00 00 00 00 00 00 00 00 06 FF 00 00 06 00 00 A0 61 68 D7 66 41 97 
[09:42:44.866] F8 F8 B0 F0 08 00 00 00 00 34 00 14 01 15 09 2B 1F 00 00 81 07 2C 03 01 98 06 39 8A 01 19 BC 8B 13 A6 04 72 02 E8 03 18 03 00 00 00 00 00 00 00 00 00 00 06 FF 00 00 06 00 00 A4 93 68 D7 66 C6 F8 
[09:42:45.366] F8 F8 B0 F0 08 00 00 00 00 34 00 14 01 15 09 2B 1F 00 00 81 07 2C 03 01 98 06 39 8A 01 19 BC 8B 13 A6 04 72 02 E8 03 32 03 00 00 00 00 00 00 00 00 00 00 06 FF 00 00 06 00 00 A8 C5 68 D7 66 D6 67 
[09:42:45.866] F8 F8 B0 F0 08 00 00 00 00 34 00 14 01 15 09 2B 1F 00 00 81 07 2C 03 01 98 06 39 8A 01 19 BC 8B 13 A6 04 72 02 E8 03 32 03 00 00 00 00 00 00 00 00 00 00 06 FF 00 00 06 00 00 AC F6 68 D7 66 E5 59 
[09:42:46.366] F8 F8 B0 F0 08 00 00 00 00 34 00 14 01 15 09 2B 1F 00 00 81 07 2C 03 01 98 06 39 8A 01 19 BC 8B 13 A6 04 72 02 E8 03 1C 03 00 00 00 00 00 00 00 00 00 00 06 FE 00 00 06 00 00 B0 29 69 D7 66 95 DF 
[09:42:46.866] F8 F8 B0 F0 08 00 00 00 00 34 00 14 01 15 09 2B 20 00 00 81 07 2C 03 01 98 06 39 8A 01 19 BC 8B 13 A6 04 72 02 E8 03 1C 03 00 00 00 00 00 00 00 00 00 00 06 FE 00 00 06 00 00 B4 5A 69 D7 66 F4 E1 