[09:51:53.337] F8 F8 B0 F0 08 00 00 00 00 34 00 14 01 15 09 34 27 00 00 81 07 0C 03 01 98 06 39 8A 01 19 BC 87 13 A5 04 89 02 E8 03 24 03 00 00 00 00 00 00 00 00 00 00 06 00 00 00 06 00 00 E7 C5 3E D8 66 E1 B4 
[09:51:53.836] F8 F8 B0 F0 08 00 00 00 00 34 00 14 01 15 09 34 27 00 00 81 07 0C 03 01 98 06 39 8A 01 19 BC 87 13 A5 04 8A 02 E8 03 24 03 00 00 00 00 00 00 00 00 00 00 06 00 00 00 06 00 00 EB F7 3E D8 66 F7 93 
[09:51:54.336] F8 F8 B0 F0 08 00 00 00 00 34 00 14 01 15 09 34 27 00 00 81 07 0C 03 01 98 06 39 8A 01 19 BC 87 13 A5 04 8A 02 E8 03 24 03 00 00 00 00 00 00 00 00 00 00 06 00 00 00 06 00 00 EF 29 3F D8 66 98 27 
[09:51:54.836] F8 F8 B0 F0 08 00 00 00 00 34 00 14 01 15 09 34 28 00 00 81 07 0C 03 01 98 06 39 8A 01 19 BC 87 13 A5 04 8B 02 E8 03 34 03 00 00 00 00 00 00 00 00 00 00 06 00 00 00 06 00 00 03 5B 3F D8 66 5F 12 
[09:51:55.336] F8 F8 B0 F0 08 00 00 00 00 34 00 14 01 15 09 34 28 00 00 81 07 0C 03 01 98 06 39 8A 01 19 BC 87 13 A5 04 8A 02 E8 03 34 03 00 00 00 00 00 00 00 00 00 00 06 00 00 00 06 00 00 07 8D 3F D8 66 57 30 
[09:51:55.836] F8 F8 B0 F0 08 00 00 00 00 34 00 14 01 15 09 34 29 00 00 81 07 0C 03 01 98 06 39 8A 01 19 BC 87 13 A5 04 8A 02 E8 03 0C 03 00 00 00 00 00 00 00 00 00 00 06 00 00 00 06 00 00 0B BE 3F D8 66 67 A9 
[09:51:56.336] F8 F8 B0 F0 08 00 00 00 00 34 00 14 01 15 09 34 29 00 00 81 07 0C 03 01 98 06 39 8A 01 19 BC 88 13 A5 04 8A 02 E8 03 0C 03 00 00 00 00 00 00 00 00 00 00 06 00 00 00 06 00 00 0F F1 3F D8 66 92 EE 
[09:51:56.836] F8 F8 B0 F0 08 00 00 00 00 34 00 14 01 15 09 34 2A 00 00 81 07 0C 03 01 98 06 39 8A 01 19 BC 87 13 A5 04 8A 02 E8 03 1F 03 00 00 00 00 00 00 00 00 00 00 06 00 00 00 06 00 00 13 23 40 D8 66 61 FB 
[09:51:57.336] F8 F8 B0 F0 08 00 00 00 00 34 00 14 01 15 09 34 2A 00 00 81 07 0C 03 01 98 06 39 8A 01 19 BC 87 13 A5 04 8A 02 E8 03 1F 03 00 00 00 00 00 00 00 00 00 00 06 00 00 00 06 00 00 17 54 40 D8 66 3F 61 
[09:51:57.836] F8 F8 B0 F0 08 00 00 00 00 34 00 14 01 15 09 34 2B 00 00 81 07 0C 03 01 98 06 39 8A 01 19 BC 87 13 A5 04 89 02 E8 03 2D 03 00 00 00 00 00 00 00 00 00 00 06 00 00 00 06 00 00 1B 86 40 D8 66 D2 A1 
[09:51:58.335] F8 F8 B0 F0 08 00 00 00 00 34 00 14 01 15 09 34 2C 00 00 81 07 0C 03 01 98 06 39 8A 01 19 BC 87 13 A6 04 8A 02 E8 03 2D 03 00 00 00 00 00 00 00 00 00 00 06 00 00 00 06 00 00 1F B8 40 D8 66 16 91 
[09:51:58.835] F8 F8 B0 F0 08 00 00 00 00 34 00 14 01 15 09 34 2C 00 00 81 07 0C 03 01 98 06 39 8A 01 19 BC 87 13 A6 04 8A 02 E8 03 16 03 00 00 00 00 00 00 00 00 00 00 06 00 00 00 06 00 00 23 EB 40 D8 66 FD C9 
[09:51:59.335] F8 F8 B0 F0 08 00 00 00 00 34 00 14 01 15 09 34 2D 00 00 81 07 0C 03 01 98 06 39 8A 01 19 BC 87 13 A6 04 8A 02 E8 03 16 03 00 00 00 00 00 00 00 00 00 00 06 00 00 00 06 00 00 27 1C 41 D8 66 49 74 
[09:51:59.835] F8 F8 B0 F0 08 00 00 00 00 34 00 14 01 15 09 34 2D 00 00 81 07 0C 03 01 98 06 39 8A 01 19 BC 87 13 A6 04 8A 02 E8 03 21 03 00 00 00 00 00 00 00 00 00 00 06 00 00 00 06 00 00 2B 4E 41 D8 66 CD 22 
[09:52:00.335] F8 F8 B0 F0 08 00 00 00 00 34 00 14 01 15 09 34 2E 00 00 81 07 0C 03 01 98 06 39 8A 01 19 BC 87 13 A6 04 89 02 E8 03 21 03 00 00 00 00 00 00 00 00 00 00 06 00 00 00 06 00 00 2F 81 41 D8 66 3A E7 
[09:52:00.835] F8 F8 B0 F0 08 00 00 00 00 34 00 14 01 15 09 34 2E 00 00 81 07 0C 03 01 98 06 39 8A 01 19 BC 87 13 A6 04 89 02 E8 03 2E 03 00 00 00 00 00 00 00 00 00 00 06 00 00 00 06 00 00 33 B3 41 D8 66 FA 84 
[09:52:01.335] F8 F8 B0 F0 08 00 00 00 00 34 00 14 01 15 09 34 2F 00 00 81 07 0C 03 01 98 06 39 8A 01 19 BC 87 13 A6 04 8A 02 E8 03 2E 03 00 00 00 00 00 00 00 00 00 00 06 00 00 00 06 00 00 37 E5 41 D8 66 00 FF 
[09:52:01.835] F8 F8 B0 F0 08 00 00 00 00 34 00 14 01 15 09 34 2F 00 00 81 07 0C 03 01 98 06 39 8A 01 19 BC 87 13 A6 04 8A 02 E8 03 0C 03 00 00 00 00 00 00 00 00 00 00 06 00 00 00 06 00 00 3B 17 42 D8 66 FE B1 
[09:52:02.350] F8 F8 B0 F0 08 00 00 00 00 34 00 14 01 15 09 34 30 00 00 81 07 0C 03 01 98 06 39 8A 01 19 BC 86 13 A6 04 8B 02 E8 03 0C 03 00 00 00 00 00 00 00 00 00 00 06 00 00 00 06 00 00 3F 4A 42 D8 66 01 58 
[09:52:02.881] F8 F8 B0 F0 08 00 00 00 00 34 00 14 01 15 09 34 31 00 00 81 07 0C 03 01 98 06 39 8A 01 19 BC 87 13 A6 04 8B 02 E8 03 27 03 00 00 00 00 00 00 00 00 00 00 06 00 00 00 06 00 00 43 7D 42 D8 66 56 56 
[09:52:03.350] F8 F8 B0 F0 08 00 00 00 00 34 00 14 01 15 09 34 31 00 00 81 07 0C 03 01 98 06 39 8A 01 19 BC 87 13 A6 04 8B 02 E8 03 27 03 00 00 00 00 00 00 00 00 00 00 06 00 00 00 06 00 00 47 AE 42 D8 66 8F EC 
[09:52:03.850] F8 F8 B0 F0 08 00 00 00 00 34 00 14 01 15 09 34 32 00 00 81 07 0C 03 01 98 06 39 8A 01 19 BC 86 13 A6 04 8B 02 E8 03 2A 03 00 00 00 00 00 00 00 00 00 00 06 00 00 00 06 00 00 4B E0 42 D8 66 15 F7 
[09:52:04.350] F8 F8 B0 F0 08 00 00 00 00 34 00 14 01 15 09 34 32 00 00 81 07 0C 03 01 98 06 39 8A 01 19 BC 87 13 A6 04 8B 02 E8 03 2A 03 00 00 00 00 00 00 00 00 00 00 06 00 00 00 06 00 00 4F 12 43 D8 66 40 62 
[09:52:04.849] F8 F8 B0 F0 08 00 00 00 00 34 00 14 01 15 09 34 32 00 00 81 07 0C 03 01 98 06 39 8A 01 19 BC 86 13 A5 04 8B 02 E8 03 29 03 00 00 00 00 00 00 00 00 00 00 06 00 00 00 06 00 00 53 44 43 D8 66 F1 A4 
[09:52:05.349] F8 F8 B0 F0 08 00 00 00 00 34 00 14 01 15 09 34 32 00 00 81 07 0C 03 01 98 06 39 8A 01 19 BC 87 13 A5 04 8B 02 E8 03 29 03 00 00 00 00 00 00 00 00 00 00 06 00 00 00 06 00 00 57 76 43 D8 66 30 B5 