
[09:54:16.838] F8 F8 B0 F0 08 00 00 00 00 34 00 14 01 15 09 37 02 00 00 81 07 2C 02 01 98 06 39 8A 01 19 BC 87 13 A5 04 89 02 E8 03 16 03 00 00 00 00 00 00 00 00 00 00 06 00 00 00 06 00 00 CF 18 94 D4 66 D4 95 
[09:54:17.338] F8 F8 B0 F0 08 00 00 00 00 34 00 14 01 15 09 37 02 00 00 81 07 2C 02 01 98 06 39 8A 01 19 BC 87 13 A5 04 89 02 E8 03 1B 03 00 00 00 00 00 00 00 00 00 00 06 FF 00 00 06 00 00 D3 4A 94 D4 66 CB 78 
[09:54:17.838] F8 F8 B0 F0 08 00 00 00 00 34 00 14 01 15 09 37 03 00 00 81 07 2C 02 01 98 06 39 8A 01 19 BC 87 13 A5 04 89 02 E8 03 1B 03 00 00 00 00 00 00 00 00 00 00 06 00 00 00 06 00 00 D7 7B 94 D4 66 79 DF 
[09:54:18.338] F8 F8 B0 F0 08 00 00 00 00 34 00 14 01 15 09 37 03 00 00 81 07 2C 02 01 98 06 39 8A 01 19 BC 87 13 A5 04 88 02 E8 03 10 03 00 00 00 00 00 00 00 00 00 00 06 00 00 00 06 00 00 DB AD 94 D4 66 60 0E 
[09:54:18.838] F8 F8 B0 F0 08 00 00 00 00 34 00 14 01 15 09 37 04 00 00 81 07 2C 02 01 98 06 39 8A 01 19 BC 87 13 A5 04 88 02 E8 03 10 03 00 00 00 00 00 00 00 00 00 00 06 FF 00 00 06 00 00 DF DF 94 D4 66 9C D0 
[09:54:19.337] F8 F8 B0 F0 08 00 00 00 00 34 00 14 01 15 09 37 04 00 00 81 07 2C 02 01 98 06 39 8A 01 19 BC 87 13 A5 04 88 02 E8 03 39 03 00 00 00 00 00 00 00 00 00 00 06 00 00 00 06 00 00 E3 11 95 D4 66 00 D7 
[09:54:19.837] F8 F8 B0 F0 08 00 00 00 00 34 00 14 01 15 09 37 05 00 00 81 07 2C 02 01 98 06 39 8A 01 19 BC 87 13 A5 04 87 02 E8 03 39 03 00 00 00 00 00 00 00 00 00 00 06 00 00 00 06 00 00 E7 43 95 D4 66 DA C0 
[09:54:20.337] F8 F8 B0 F0 08 00 00 00 00 34 00 14 01 15 09 37 05 00 00 81 07 2C 02 01 98 06 39 8A 01 19 BC 87 13 A5 04 87 02 E8 03 21 03 00 00 00 00 00 00 00 00 00 00 06 00 00 00 06 00 00 EB 75 95 D4 66 EB A8 
[09:54:20.837] F8 F8 B0 F0 08 00 00 00 00 34 00 14 01 15 09 37 06 00 00 81 07 2C 02 01 98 06 39 8A 01 19 BC 87 13 A5 04 87 02 E8 03 17 03 00 00 00 00 00 00 00 00 00 00 06 00 00 00 06 00 00 EF A8 95 D4 66 90 84 
[09:54:21.337] F8 F8 B0 F0 08 00 00 00 00 34 00 14 01 15 09 37 07 00 00 81 07 2C 02 01 98 06 39 8A 01 19 BC 87 13 A5 04 87 02 E8 03 17 03 00 00 00 00 00 00 00 00 00 00 06 FF 00 00 06 00 00 03 D9 95 D4 66 9F 74 
[09:54:21.837] F8 F8 B0 F0 08 00 00 00 00 34 00 14 01 15 09 37 07 00 00 81 07 2C 02 01 98 06 39 8A 01 19 BC 87 13 A5 04 85 02 E8 03 1A 03 00 00 00 00 00 00 00 00 00 00 06 00 00 00 06 00 00 07 0C 96 D4 66 9A 03 
[09:54:22.337] F8 F8 B0 F0 08 00 00 00 00 34 00 14 01 15 09 37 08 00 00 81 07 2C 02 01 98 06 39 8A 01 19 BC 87 13 A5 04 85 02 E8 03 1A 03 00 00 00 00 00 00 00 00 00 00 06 00 00 00 06 00 00 0B 3D 96 D4 66 D6 9C 
[09:54:22.837] F8 F8 B0 F0 08 00 00 00 00 34 00 14 01 15 09 37 08 00 00 81 07 2C 02 01 98 06 39 8A 01 19 BC 87 13 A5 04 85 02 E8 03 1B 03 00 00 00 00 00 00 00 00 00 00 06 00 00 00 06 00 00 0F 70 96 D4 66 C9 75 
[09:54:23.337] F8 F8 B0 F0 08 00 00 00 00 34 00 14 01 15 09 37 09 00 00 81 07 2C 02 01 98 06 39 8A 01 19 BC 88 13 A5 04 85 02 E8 03 1B 03 00 00 00 00 00 00 00 00 00 00 06 FF 00 00 06 00 00 13 A1 96 D4 66 67 24 
[09:54:23.836] F8 F8 B0 F0 08 00 00 00 00 34 00 14 01 15 09 37 09 00 00 81 07 2C 02 01 98 06 39 8A 01 19 BC 88 13 A5 04 84 02 E8 03 14 03 00 00 00 00 00 00 00 00 00 00 06 00 00 00 06 00 00 17 D3 96 D4 66 D3 B2 
[09:54:24.336] F8 F8 B0 F0 08 00 00 00 00 34 00 14 01 15 09 37 0A 00 00 81 07 2C 02 01 98 06 39 8A 01 19 BC 88 13 A5 04 84 02 E8 03 14 03 00 00 00 00 00 00 00 00 00 00 06 00 00 00 06 00 00 1B 05 97 D4 66 55 C7 
[09:54:24.836] F8 F8 B0 F0 08 00 00 00 00 34 00 14 01 15 09 37 0A 00 00 81 07 2C 02 01 98 06 39 8A 01 19 BC 88 13 A5 04 84 02 E8 03 29 03 00 00 00 00 00 00 00 00 00 00 06 00 00 00 06 00 00 1F 37 97 D4 66 11 0C 
[09:54:25.336] F8 F8 B0 F0 08 00 00 00 00 34 00 14 01 15 09 37 0B 00 00 81 07 2C 02 01 98 06 39 8A 01 19 BC 87 13 A5 04 85 02 E8 03 29 03 00 00 00 00 00 00 00 00 00 00 06 00 00 00 06 00 00 23 69 97 D4 66 42 C1 
[09:54:25.836] F8 F8 B0 F0 08 00 00 00 00 34 00 14 01 15 09 37 0B 00 00 81 07 2C 02 01 98 06 39 8A 01 19 BC 87 13 A5 04 85 02 E8 03 26 03 00 00 00 00 00 00 00 00 00 00 06 00 00 00 06 00 00 27 9B 97 D4 66 51 17 
[09:54:26.351] F8 F8 B0 F0 08 00 00 00 00 34 00 14 01 15 09 37 0C 00 00 81 07 2C 02 01 98 06 39 8A 01 19 BC 88 13 A5 04 85 02 E8 03 26 03 00 00 00 00 00 00 00 00 00 00 06 FF 00 00 06 00 00 2B CF 97 D4 66 D6 AF 
[09:54:26.851] F8 F8 B0 F0 08 00 00 00 00 34 00 14 01 15 09 37 0D 00 00 81 07 2C 02 01 98 06 39 8A 01 19 BC 88 13 A5 04 85 02 E8 03 23 03 00 00 00 00 00 00 00 00 00 00 06 00 00 00 06 00 00 2F 01 98 D4 66 F9 84 
[09:54:27.351] F8 F8 B0 F0 08 00 00 00 00 34 00 14 01 15 09 37 0D 00 00 81 07 2C 02 01 98 06 39 8A 01 19 BC 88 13 A5 04 84 02 E8 03 23 03 00 00 00 00 00 00 00 00 00 00 06 FF 00 00 06 00 00 33 33 98 D4 66 96 57 
[09:54:27.851] F8 F8 B0 F0 08 00 00 00 00 34 00 14 01 15 09 37 0D 00 00 81 07 2C 02 01 98 06 39 8A 01 19 BC 87 13 A5 04 85 02 E8 03 0F 03 00 00 00 00 00 00 00 00 00 00 06 00 00 00 06 00 00 37 65 98 D4 66 BF 91 
[09:54:28.351] F8 F8 B0 F0 08 00 00 00 00 34 00 14 01 15 09 37 0D 00 00 81 07 2C 02 01 98 06 39 8A 01 19 BC 87 13 A5 04 86 02 E8 03 0F 03 00 00 00 00 00 00 00 00 00 00 06 00 00 00 06 00 00 3B 97 98 D4 66 0D 05 
[09:54:28.851] F8 F8 B0 F0 08 00 00 00 00 34 00 14 01 15 09 37 0E 00 00 81 07 2C 02 01 98 06 39 8A 01 19 BC 87 13 A5 04 86 02 E8 03 32 03 00 00 00 00 00 00 00 00 00 00 06 00 00 00 06 00 00 3F C9 98 D4 66 AE 9E 
[09:54:29.351] F8 F8 B0 F0 08 00 00 00 00 34 00 14 01 15 09 37 0E 00 00 81 07 2C 02 01 98 06 39 8A 01 19 BC 87 13 A5 04 86 02 E8 03 32 03 00 00 00 00 00 00 00 00 00 00 06 00 00 00 06 00 00 43 FB 98 D4 66 82 C9 
[09:54:29.851] F8 F8 B0 F0 08 00 00 00 00 34 00 14 01 15 09 37 0F 00 00 81 07 2C 02 01 98 06 39 8A 01 19 BC 87 13 A5 04 86 02 E8 03 1F 03 00 00 00 00 00 00 00 00 00 00 06 00 00 00 06 00 00 47 2D 99 D4 66 5C F6 
[09:54:30.350] F8 F8 B0 F0 08 00 00 00 00 34 00 14 01 15 09 37 0F 00 00 81 07 2C 02 01 98 06 39 8A 01 19 BC 88 13 A5 04 86 02 E8 03 1F 03 00 00 00 00 00 00 00 00 00 00 06 00 00 00 06 00 00 4B 5F 99 D4 66 EB A6 
[09:54:30.850] F8 F8 B0 F0 08 00 00 00 00 34 00 14 01 15 09 37 10 00 00 81 07 2C 02 01 98 06 39 8A 01 19 BC 87 13 A5 04 87 02 E8 03 0B 03 00 00 00 00 00 00 00 00 00 00 06 00 00 00 06 00 00 4F 91 99 D4 66 CF A3 
[09:54:31.350] F8 F8 B0 F0 08 00 00 00 00 34 00 14 01 15 09 37 10 00 00 81 07 2C 02 01 98 06 39 8A 01 19 BC 88 13 A5 04 86 02 E8 03 0B 03 00 00 00 00 00 00 00 00 00 00 06 00 00 00 06 00 00 53 C3 99 D4 66 F8 E4 
[09:54:31.866] F8 F8 B0 F0 08 00 00 00 00 34 00 14 01 15 09 37 11 00 00 81 07 2C 02 01 98 06 39 8A 01 19 BC 88 13 A5 04 87 02 E8 03 21 03 00 00 00 00 00 00 00 00 00 00 06 00 00 00 06 00 00 57 F5 99 D4 66 61 C9 
[09:54:32.381] F8 F8 B0 F0 08 00 00 00 00 34 00 14 01 15 09 37 12 00 00 81 07 2C 02 01 98 06 39 8A 01 19 BC 88 13 A6 04 86 02 E8 03 21 03 00 00 00 00 00 00 00 00 00 00 06 00 00 00 06 00 00 5B 2A 9A D4 66 45 1E 
[09:54:32.865] F8 F8 B0 F0 08 00 00 00 00 34 00 14 01 15 09 37 12 00 00 81 07 2C 02 01 98 06 39 8A 01 19 BC 88 13 A6 04 86 02 E8 03 27 03 00 00 00 00 00 00 00 00 00 00 06 00 00 00 06 00 00 5F 59 9A D4 66 E0 FC 
[09:54:33.365] F8 F8 B0 F0 08 00 00 00 00 34 00 14 01 15 09 37 13 00 00 81 07 2C 02 01 98 06 39 8A 01 19 BC 88 13 A6 04 87 02 E8 03 27 03 00 00 00 00 00 00 00 00 00 00 06 00 00 00 06 00 00 63 8B 9A D4 66 38 D7 
[09:54:33.865] F8 F8 B0 F0 08 00 00 00 00 34 00 14 01 15 09 37 13 00 00 81 07 2C 02 01 98 06 39 8A 01 19 BC 88 13 A6 04 87 02 E8 03 27 03 00 00 00 00 00 00 00 00 00 00 06 00 00 00 06 00 00 67 BD 9A D4 66 4E 55 
[09:54:34.365] F8 F8 B0 F0 08 00 00 00 00 34 00 14 01 15 09 37 14 00 00 81 07 2C 02 01 98 06 39 8A 01 19 BC 88 13 A6 04 86 02 E8 03 27 03 00 00 00 00 00 00 00 00 00 00 06 00 00 00 06 00 00 6B EF 9A D4 66 4E 23 
[09:54:34.865] F8 F8 B0 F0 08 00 00 00 00 34 00 14 01 15 09 37 14 00 00 81 07 2C 02 01 98 06 39 8A 01 19 BC 88 13 A6 04 86 02 E8 03 1E 03 00 00 00 00 00 00 00 00 00 00 06 00 00 00 06 00 00 6F 22 9B D4 66 95 48 
[09:54:35.365] F8 F8 B0 F0 08 00 00 00 00 34 00 14 01 15 09 37 15 00 00 81 07 2C 02 01 98 06 39 8A 01 19 BC 88 13 A6 04 86 02 E8 03 1E 03 00 00 00 00 00 00 00 00 00 00 06 00 00 00 06 00 00 73 53 9B D4 66 C7 3E 
[09:54:35.865] F8 F8 B0 F0 08 00 00 00 00 34 00 14 01 15 09 37 15 00 00 81 07 2C 02 01 98 06 39 8A 01 19 BC 88 13 A6 04 86 02 E8 03 19 03 00 00 00 00 00 00 00 00 00 00 06 00 00 00 06 00 00 77 85 9B D4 66 52 BD 
[09:54:36.349] F8 F8 B0 F0 08 00 00 00 00 34 00 14 01 15 09 37 16 00 00 81 07 2C 02 01 98 06 39 8A 01 19 BC 88 13 A6 04 86 02 E8 03 19 03 00 00 00 00 00 00 00 00 00 00 06 00 00 00 06 00 00 7B B7 9B D4 66 FF B1 
[09:54:36.849] F8 F8 B0 F0 08 00 00 00 00 34 00 14 01 15 09 37 16 00 00 81 07 2C 02 01 98 06 39 8A 01 19 BC 88 13 A6 04 86 02 E8 03 19 03 00 00 00 00 00 00 00 00 00 00 06 00 00 00 06 00 00 7F E9 9B D4 66 98 EF 
[09:54:37.364] F8 F8 B0 F0 08 00 00 00 00 34 00 14 01 15 09 37 17 00 00 81 07 2C 02 01 98 06 39 8A 01 19 BC 87 13 A5 04 86 02 E8 03 28 03 00 00 00 00 00 00 00 00 00 00 06 00 00 00 06 00 00 83 1B 9C D4 66 E4 F9 
[09:54:37.880] F8 F8 B0 F0 08 00 00 00 00 34 00 14 01 15 09 37 18 00 00 81 07 2C 02 01 98 06 39 8A 01 19 BC 88 13 A5 04 86 02 E8 03 28 03 00 00 00 00 00 00 00 00 00 00 06 00 00 00 06 00 00 87 4F 9C D4 66 93 F5 
[09:54:38.380] F8 F8 B0 F0 08 00 00 00 00 34 00 14 01 15 09 37 18 00 00 81 07 2C 02 01 98 06 39 8A 01 19 BC 88 13 A5 04 86 02 E8 03 16 03 00 00 00 00 00 00 00 00 00 00 06 00 00 00 06 00 00 8B 81 9C D4 66 80 B5 
[09:54:38.880] F8 F8 B0 F0 08 00 00 00 00 34 00 14 01 15 09 37 19 00 00 81 07 2C 02 01 98 06 39 8A 01 19 BC 88 13 A5 04 85 02 E8 03 16 03 00 00 00 00 00 00 00 00 00 00 06 00 00 00 06 00 00 8F B4 9C D4 66 74 0C 
[09:54:39.380] F8 F8 B0 F0 08 00 00 00 00 34 00 14 01 15 09 37 19 00 00 81 07 2C 02 01 98 06 39 8A 01 19 BC 87 13 A6 04 86 02 E8 03 1E 03 00 00 00 00 00 00 00 00 00 00 06 00 00 00 06 00 00 93 E5 9C D4 66 AF 2A 
[09:54:39.879] F8 F8 B0 F0 08 00 00 00 00 34 00 14 01 15 09 37 19 00 00 81 07 2C 02 01 98 06 39 8A 01 19 BC 87 13 A6 04 85 02 E8 03 1E 03 00 00 00 00 00 00 00 00 00 00 06 FF 00 00 06 00 00 97 17 9D D4 66 0B 32 
[09:54:40.379] F8 F8 B0 F0 08 00 00 00 00 34 00 14 01 15 09 37 19 00 00 81 07 2C 02 01 98 06 39 8A 01 19 BC 88 13 A6 04 85 02 E8 03 1C 03 00 00 00 00 00 00 00 00 00 00 06 00 00 00 06 00 00 9B 49 9D D4 66 CD CD 
[09:54:40.879] F8 F8 B0 F0 08 00 00 00 00 34 00 14 01 15 09 37 1A 00 00 81 07 2C 02 01 98 06 39 8A 01 19 BC 87 13 A6 04 86 02 E8 03 1C 03 00 00 00 00 00 00 00 00 00 00 06 00 00 00 06 00 00 9F 7B 9D D4 66 70 DA 
[09:54:41.379] F8 F8 B0 F0 08 00 00 00 00 34 00 14 01 15 09 37 1A 00 00 81 07 2C 02 01 98 06 39 8A 01 19 BC 87 13 A6 04 86 02 E8 03 24 03 00 00 00 00 00 00 00 00 00 00 06 00 00 00 06 00 00 A3 AD 9D D4 66 E3 BA 
[09:54:41.879] F8 F8 B0 F0 08 00 00 00 00 34 00 14 01 15 09 37 1B 00 00 81 07 2C 02 01 98 06 39 8A 01 19 BC 87 13 A6 04 85 02 E8 03 24 03 00 00 00 00 00 00 00 00 00 00 06 00 00 00 06 00 00 A7 DF 9D D4 66 A6 3C 
[09:54:42.379] F8 F8 B0 F0 08 00 00 00 00 34 00 14 01 15 09 37 1B 00 00 81 07 2C 02 01 98 06 39 8A 01 19 BC 87 13 A6 04 85 02 E8 03 2C 03 00 00 00 00 00 00 00 00 00 00 06 FF 00 00 06 00 00 AB 11 9E D4 66 11 EE 
[09:54:42.879] F8 F8 B0 F0 08 00 00 00 00 34 00 14 01 15 09 37 1C 00 00 81 07 2C 02 01 98 06 39 8A 01 19 BC 87 13 A6 04 85 02 E8 03 2C 03 00 00 00 00 00 00 00 00 00 00 06 00 00 00 06 00 00 AF 43 9E D4 66 A3 07 
[09:54:43.379] F8 F8 B0 F0 08 00 00 00 00 34 00 14 01 15 09 37 1D 00 00 81 07 2C 02 01 98 06 39 8A 01 19 BC 87 13 A6 04 84 02 E8 03 1C 03 00 00 00 00 00 00 00 00 00 00 06 00 00 00 06 00 00 B3 76 9E D4 66 FD 31 
[09:54:43.879] F8 F8 B0 F0 08 00 00 00 00 34 00 14 01 15 09 37 1D 00 00 81 07 2C 02 01 98 06 39 8A 01 19 BC 87 13 A6 04 85 02 E8 03 1C 03 00 00 00 00 00 00 00 00 00 00 06 00 00 00 06 00 00 B7 A7 9E D4 66 D8 42 
[09:54:44.378] F8 F8 B0 F0 08 00 00 00 00 34 00 14 01 15 09 37 1E 00 00 81 07 2C 02 01 98 06 39 8A 01 19 BC 87 13 A6 04 85 02 E8 03 08 03 00 00 00 00 00 00 00 00 00 00 06 00 00 00 06 00 00 BB D9 9E D4 66 84 F3 
[09:54:44.878] F8 F8 B0 F0 08 00 00 00 00 34 00 14 01 15 09 37 1E 00 00 81 07 2C 02 01 98 06 39 8A 01 19 BC 88 13 A6 04 84 02 E8 03 08 03 00 00 00 00 00 00 00 00 00 00 06 00 00 00 06 00 00 BF 0B 9F D4 66 CC 58 
[09:54:45.378] F8 F8 B0 F0 08 00 00 00 00 34 00 14 01 15 09 37 1F 00 00 81 07 2C 02 01 90 06 39 8A 01 19 BC 87 13 A6 04 85 02 E8 03 26 03 00 00 00 00 00 00 00 00 00 00 06 00 00 00 06 00 00 C3 3E 9F D4 66 DE 7C 
[09:54:45.878] F8 F8 B0 F0 08 00 00 00 00 34 00 14 01 15 09 37 1F 00 00 81 07 2C 02 01 90 06 39 8A 01 19 BC 87 13 A6 04 00 00 E8 03 26 03 00 00 00 00 00 00 00 00 00 00 06 00 00 00 06 00 00 C7 6F 9F D4 66 2C 12 
[09:54:46.378] F8 F8 B0 F0 08 00 00 00 00 34 00 14 01 15 09 37 20 00 00 81 07 2C 02 01 90 06 39 8A 01 19 BC 87 13 A6 04 00 00 E8 03 26 03 00 00 00 00 00 00 00 00 00 00 06 00 00 00 06 00 00 CB A1 9F D4 66 37 E6 
[09:54:46.878] F8 F8 B0 F0 08 00 00 00 00 34 00 14 01 15 09 37 20 00 00 81 07 2C 02 01 90 06 39 8A 01 19 BC 87 13 A6 04 00 00 E8 03 26 03 00 00 00 00 00 00 00 00 00 00 06 00 00 00 06 00 00 CF D3 9F D4 66 2C C0 
[09:54:47.378] F8 F8 B0 F0 08 00 00 00 00 34 00 14 01 15 09 37 21 00 00 81 07 2C 02 01 90 06 39 8A 01 19 BC 00 00 03 00 00 00 E8 03 26 03 00 00 00 00 00 00 00 00 00 00 06 9C 00 00 06 00 00 D3 05 A0 D4 66 6D D0 
[09:54:47.878] F8 F8 B0 F0 08 00 00 00 00 34 00 14 01 15 09 37 21 00 00 81 07 2C 02 01 90 06 39 8A 01 19 BC 00 00 03 00 00 00 E8 03 26 03 00 00 00 00 00 00 00 00 00 00 06 9C 00 00 06 00 00 D7 37 A0 D4 66 EA 98 
[09:54:48.377] F8 F8 B0 F0 08 00 00 00 00 34 00 14 01 15 09 37 22 00 00 81 07 2C 02 01 90 06 39 8A 01 19 BC 00 00 03 00 00 00 E8 03 00 00 00 00 00 00 00 00 00 00 00 00 06 9C 00 00 06 00 00 DB 69 A0 D4 66 16 1F 
[09:54:48.909] F8 F8 B0 F0 08 00 00 00 00 34 00 14 01 15 09 37 23 00 00 81 07 2C 02 01 90 06 39 8A 01 19 BC 00 00 03 00 00 00 00 00 00 00 00 00 00 00 00 00 00 00 00 00 06 9C 00 00 06 00 00 DF 9F A0 D4 66 19 57 
[09:54:49.393] F8 F8 B0 F0 08 00 00 00 00 34 00 14 01 15 09 37 23 00 00 81 07 2C 02 01 90 06 39 8A 01 19 BC 00 00 03 00 00 00 00 00 00 00 00 00 00 00 00 00 00 00 00 00 06 9C 00 00 06 00 00 E3 CF A0 D4 66 E7 A5 
[09:54:49.893] F8 F8 B0 F0 08 00 00 00 00 34 00 14 01 15 09 37 24 00 00 81 07 2C 02 01 90 06 39 8A 01 19 BC 00 00 03 00 00 00 00 00 00 00 00 00 00 00 00 00 00 00 00 00 06 9C 00 00 06 00 00 E7 01 A1 D4 66 C3 4B 
[09:54:50.408] F8 F8 B0 F0 08 00 00 00 00 34 00 14 01 15 09 37 24 00 00 81 07 2C 02 01 90 06 39 8A 01 19 BC 00 00 03 00 00 00 00 00 00 00 00 00 00 00 00 00 00 00 00 00 06 9C 00 00 06 00 00 EB 33 A1 D4 66 69 01 
[09:54:50.893] F8 F8 B0 F0 08 00 00 00 00 34 00 14 01 15 09 37 24 00 00 81 07 2C 02 01 90 06 39 8A 01 19 BC 00 00 03 00 00 00 00 00 00 00 00 00 00 00 00 00 00 00 00 00 06 9C 00 00 06 00 00 EF 65 A1 D4 66 CD DA 
[09:54:51.392] F8 F8 B0 F0 08 00 00 00 00 34 00 14 01 15 09 37 24 00 00 81 07 2C 02 01 90 06 39 8A 01 19 BC 00 00 03 00 00 00 00 00 00 00 00 00 00 00 00 00 00 00 00 00 06 9C 00 00 06 00 00 03 97 A1 D4 66 CF 18 
[09:54:51.892] F8 F8 B0 F0 08 00 00 00 00 34 00 14 01 15 09 37 25 00 00 81 07 2C 06 01 90 06 39 8A 01 19 BC 00 00 03 00 00 00 00 00 00 00 00 00 00 00 00 00 00 00 00 00 06 9C 00 00 06 00 00 07 C9 A1 D4 66 88 48 
[09:54:52.392] F8 F8 B0 F0 08 00 00 00 00 34 00 14 01 15 09 37 25 00 00 81 07 2D 03 01 90 06 39 8A 01 19 BC 00 00 03 00 00 00 00 00 00 00 00 00 00 00 00 00 00 00 00 00 06 9C 00 00 06 00 00 0B FB A1 D4 66 D3 BF 
[09:54:52.892] F8 F8 B0 F0 08 00 00 00 00 34 00 14 01 15 09 37 26 00 00 81 07 2D 03 01 90 06 39 8A 01 19 BC 00 00 03 00 00 00 00 00 00 00 00 00 00 00 00 00 00 00 00 00 06 9C 00 00 06 00 00 0F 2D A2 D4 66 18 A6 
[09:54:53.392] F8 F8 B0 F0 08 00 00 00 00 34 00 14 01 15 09 37 26 00 00 81 07 2D 03 01 90 06 39 8A 01 19 BC 00 00 03 00 00 00 00 00 00 00 00 00 00 00 00 00 00 00 00 00 06 9C 00 00 06 00 00 13 5F A2 D4 66 74 86 
[09:54:53.892] F8 F8 B0 F0 08 00 00 00 00 34 00 14 01 15 09 37 27 00 00 81 07 2D 03 01 90 06 39 8A 01 19 BC 00 00 03 00 00 00 00 00 00 00 00 00 00 00 00 00 00 00 00 00 06 9C 00 00 06 00 00 17 91 A2 D4 66 6E D3 
[09:54:54.407] F8 F8 B0 F0 08 00 00 00 00 34 00 14 01 15 09 37 28 00 00 81 07 2D 03 01 90 06 39 8A 01 19 BC 00 00 03 00 00 00 00 00 00 00 00 00 00 00 00 00 00 00 00 00 06 9C 00 00 06 00 00 1B C3 A2 D4 66 2C 8E 
[09:54:54.892] F8 F8 B0 F0 08 00 00 00 00 34 00 14 01 15 09 37 28 00 00 81 07 2D 03 01 90 06 39 8A 01 19 BC 00 00 03 00 00 00 00 00 00 00 00 00 00 00 00 00 00 00 00 00 06 9C 00 00 06 00 00 1F F5 A2 D4 66 5A 0C 
[09:54:55.391] F8 F8 B0 F0 08 00 00 00 00 34 00 14 01 15 09 37 29 00 00 81 07 2D 03 01 90 06 39 8A 01 19 BC 00 00 03 00 00 00 00 00 00 00 00 00 00 00 00 00 00 00 00 00 06 9C 00 00 06 00 00 23 27 A3 D4 66 26 34 
[09:54:55.891] F8 F8 B0 F0 08 00 00 00 00 34 00 14 01 15 09 37 29 00 00 81 07 2D 03 01 90 06 39 8A 01 19 BC 00 00 03 00 00 00 00 00 00 00 00 00 00 00 00 00 00 00 00 00 06 9C 00 00 06 00 00 27 59 A3 D4 66 0F 5D 
[09:54:56.391] F8 F8 B0 F0 08 00 00 00 00 34 00 14 01 15 09 37 2A 00 00 81 07 2D 03 01 90 06 39 8A 01 19 BC 00 00 03 00 00 00 00 00 00 00 00 00 00 00 00 00 00 00 00 00 06 9C 00 00 06 00 00 2B 8B A3 D4 66 48 D5 
[09:54:56.891] F8 F8 B0 F0 08 00 00 00 00 34 00 14 01 15 09 37 2A 00 00 81 07 2D 03 01 90 06 39 8A 01 19 BC 00 00 03 00 00 00 00 00 00 00 00 00 00 00 00 00 00 00 00 00 06 9C 00 00 06 00 00 2F BD A3 D4 66 3E 57 
[09:54:57.391] F8 F8 B0 F0 08 00 00 00 00 34 00 14 01 15 09 37 2B 00 00 81 07 2D 03 01 90 06 39 8A 01 19 BC 00 00 03 00 00 00 00 00 00 00 00 00 00 00 00 00 00 00 00 00 06 9C 00 00 06 00 00 33 EF A3 D4 66 FE 8D 
[09:54:57.891] F8 F8 B0 F0 08 00 00 00 00 34 00 14 01 15 09 37 2B 00 00 81 07 2D 03 01 90 06 39 8A 01 19 BC 00 00 03 00 00 00 00 00 00 00 00 00 00 00 00 00 00 00 00 00 06 9C 00 00 06 00 00 37 21 A4 D4 66 96 90 
[09:54:58.391] F8 F8 B0 F0 08 00 00 00 00 34 00 14 01 15 09 37 2C 00 00 81 07 2D 03 01 90 06 39 8A 01 19 BC 00 00 03 00 00 00 00 00 00 00 00 00 00 00 00 00 00 00 00 00 06 9C 00 00 06 00 00 3B 53 A4 D4 66 4C F5 
[09:54:58.891] F8 F8 B0 F0 08 00 00 00 00 34 00 14 01 15 09 37 2C 00 00 81 07 2D 03 01 90 06 39 8A 01 19 BC 00 00 03 00 00 00 00 00 00 00 00 00 00 00 00 00 00 00 00 00 06 9C 00 00 06 00 00 3F 85 A4 D4 66 D0 F3 
[09:54:59.390] F8 F8 B0 F0 08 00 00 00 00 34 00 14 01 15 09 37 2D 00 00 81 07 2D 03 01 90 06 39 8A 01 19 BC 00 00 03 00 00 00 00 00 00 00 00 00 00 00 00 00 00 00 00 00 06 9C 00 00 06 00 00 43 B7 A4 D4 66 1E 69 
[09:54:59.922] F8 F8 B0 F0 08 00 00 00 00 34 00 14 01 15 09 37 2E 00 00 81 07 2D 03 01 90 06 39 8A 01 19 BC 00 00 03 00 00 00 00 00 00 00 00 00 00 00 00 00 00 00 00 00 06 9C 00 00 06 00 00 47 E9 A4 D4 66 7E 71 
[09:55:00.390] F8 F8 B0 F0 08 00 00 00 00 34 00 14 01 15 09 37 2E 00 00 81 07 2D 03 01 90 06 39 8A 01 19 BC 00 00 03 00 00 00 00 00 00 00 00 00 00 00 00 00 00 00 00 00 06 9C 00 00 06 00 00 4B 1B A5 D4 66 40 BF 
[09:55:00.921] F8 F8 B0 F0 08 00 00 00 00 34 00 14 01 15 09 37 2F 00 00 81 07 2D 03 01 90 06 39 8A 01 19 BC 00 00 03 00 00 00 00 00 00 00 00 00 00 00 00 00 00 00 00 00 06 9C 00 00 06 00 00 4F 4F A5 D4 66 6E 44 


[09:55:01.921] F8 F8 B0 F0 08 00 00 00 00 34 00 14 01 15 09 37 2F 00 00 81 07 2D 03 01 90 06 39 8A 01 19 BC 00 00 03 00 00 00 00 00 00 00 00 00 00 00 00 00 00 00 00 00 06 9C 00 00 06 00 00 57 B3 A5 D4 66 66 92 
[09:55:02.421] F8 F8 B0 F0 08 00 00 00 00 34 00 14 01 15 09 37 2F 00 00 81 07 2D 03 01 90 06 39 8A 01 19 BC 00 00 03 00 00 00 00 00 00 00 00 00 00 00 00 00 00 00 00 00 06 9C 00 00 06 00 00 5B E5 A5 D4 66 EF 4B 
[09:55:02.921] F8 F8 B0 F0 08 00 00 00 00 34 00 14 01 15 09 37 30 00 00 81 07 2D 03 01 90 06 39 8A 01 19 BC 00 00 03 00 00 00 00 00 00 00 00 00 00 00 00 00 00 00 00 00 06 9C 00 00 06 00 00 5F 17 A6 D4 66 0A B8 
[09:55:03.421] F8 F8 B0 F0 08 00 00 00 00 34 00 14 01 15 09 37 30 00 00 81 07 2D 03 01 90 06 39 8A 01 19 BC 00 00 03 00 00 00 00 00 00 00 00 00 00 00 00 00 00 00 00 00 06 9C 00 00 06 00 00 63 49 A6 D4 66 AE E8 
[09:55:03.921] F8 F8 B0 F0 08 00 00 00 00 34 00 14 01 15 09 37 31 00 00 81 07 2D 03 01 90 06 39 8A 01 19 BC 00 00 03 00 00 00 00 00 00 00 00 00 00 00 00 00 00 00 00 00 06 9C 00 00 06 00 00 67 7A A6 D4 66 7F 1B 
[09:55:04.421] F8 F8 B0 F0 08 00 00 00 00 34 00 14 01 15 09 37 31 00 00 81 07 2D 03 01 90 06 39 8A 01 19 BC 00 00 03 00 00 00 00 00 00 00 00 00 00 00 00 00 00 00 00 00 06 9C 00 00 06 00 00 6B AD A6 D4 66 7A 69 
[09:55:04.920] F8 F8 B0 F0 08 00 00 00 00 34 00 14 01 15 09 37 32 00 00 81 07 2D 03 01 90 06 39 8A 01 19 BC 00 00 03 00 00 00 00 00 00 00 00 00 00 00 00 00 00 00 00 00 06 9C 00 00 06 00 00 6F DF A6 D4 66 66 09 
[09:55:05.420] F8 F8 B0 F0 08 00 00 00 00 34 00 14 01 15 09 37 33 00 00 81 07 2D 03 01 90 06 39 8A 01 19 BC 00 00 03 00 00 00 00 00 00 00 00 00 00 00 00 00 00 00 00 00 06 9C 00 00 06 00 00 73 11 A7 D4 66 3B 6D 
[09:55:05.920] F8 F8 B0 F0 08 00 00 00 00 34 00 14 01 15 09 37 33 00 00 81 07 2D 03 01 90 06 39 8A 01 19 BC 00 00 03 00 00 00 00 00 00 00 00 00 00 00 00 00 00 00 00 00 06 9C 00 00 06 00 00 77 42 A7 D4 66 DA 0A 
[09:55:06.420] F8 F8 B0 F0 08 00 00 00 00 34 00 14 01 15 09 37 34 00 00 81 07 2D 03 01 90 06 39 8A 01 19 BC 00 00 03 00 00 00 00 00 00 00 00 00 00 00 00 00 00 00 00 00 06 9C 00 00 06 00 00 7B 74 A7 D4 66 6D CB 
[09:55:06.920] F8 F8 B0 F0 08 00 00 00 00 34 00 14 01 15 09 37 34 00 00 81 07 2D 03 01 90 06 39 8A 01 19 BC 00 00 03 00 00 00 00 00 00 00 00 00 00 00 00 00 00 00 00 00 06 9C 00 00 06 00 00 7F A6 A7 D4 66 00 07 
[09:55:07.420] F8 F8 B0 F0 08 00 00 00 00 34 00 14 01 15 09 37 35 00 00 81 07 2D 03 01 90 06 39 8A 01 19 BC 00 00 03 00 00 00 00 00 00 00 00 00 00 00 00 00 00 00 00 00 06 9C 00 00 06 00 00 83 D9 A7 D4 66 04 E8 
[09:55:07.920] F8 F8 B0 F0 08 00 00 00 00 34 00 14 01 15 09 37 35 00 00 81 07 2D 03 01 90 06 39 8A 01 19 BC 00 00 03 00 00 00 00 00 00 00 00 00 00 00 00 00 00 00 00 00 06 9C 00 00 06 00 00 87 0A A8 D4 66 EC 7E 
[09:55:08.420] F8 F8 B0 F0 08 00 00 00 00 34 00 14 01 15 09 37 36 00 00 81 07 2D 03 01 90 06 39 8A 01 19 BC 00 00 03 00 00 00 00 00 00 00 00 00 00 00 00 00 00 00 00 00 06 9C 00 00 06 00 00 8B 3D A8 D4 66 04 CE 
[09:55:08.920] F8 F8 B0 F0 08 00 00 00 00 34 00 14 01 15 09 37 36 00 00 81 07 2D 03 01 90 06 39 8A 01 19 BC 00 00 03 00 00 00 00 00 00 00 00 00 00 00 00 00 00 00 00 00 06 9C 00 00 06 00 00 8F 6E A8 D4 66 E5 A9 
[09:55:09.419] F8 F8 B0 F0 08 00 00 00 00 34 00 14 01 15 09 37 37 00 00 81 07 2D 03 01 90 06 39 8A 01 19 BC 00 00 03 00 00 00 00 00 00 00 00 00 00 00 00 00 00 00 00 00 06 9C 00 00 06 00 00 93 A0 A8 D4 66 88 FA 
[09:55:09.919] F8 F8 B0 F0 08 00 00 00 00 34 00 14 01 15 09 37 37 00 00 81 07 2D 03 01 90 06 39 8A 01 19 BC 00 00 03 00 00 00 00 00 00 00 00 00 00 00 00 00 00 00 00 00 06 9C 00 00 06 00 00 97 D3 A8 D4 66 27 AA 
[09:55:10.419] F8 F8 B0 F0 08 00 00 00 00 34 00 14 01 15 09 37 38 00 00 81 07 2D 03 01 90 06 39 8A 01 19 BC 00 00 03 00 00 00 00 00 00 00 00 00 00 00 00 00 00 00 00 00 06 9C 00 00 06 00 00 9B 05 A9 D4 66 9C D7 
[09:55:10.935] F8 F8 B0 F0 08 00 00 00 00 34 00 14 01 15 09 37 39 00 00 81 07 2D 03 01 90 06 39 8A 01 19 BC 00 00 03 00 00 00 00 00 00 00 00 00 00 00 00 00 00 00 00 00 06 9C 00 00 06 00 00 9F 39 A9 D4 66 A3 F0 
[09:55:11.419] F8 F8 B0 F0 08 00 00 00 00 34 00 14 01 15 09 37 39 00 00 81 07 2D 03 01 90 06 39 8A 01 19 BC 00 00 03 00 00 00 00 00 00 00 00 00 00 00 00 00 00 00 00 00 06 9C 00 00 06 00 00 A3 69 A9 D4 66 5D 02 
[09:55:11.919] F8 F8 B0 F0 08 00 00 00 00 34 00 14 01 15 09 37 3A 00 00 81 07 2D 03 01 90 06 39 8A 01 19 BC 00 00 03 00 00 00 00 00 00 00 00 00 00 00 00 00 00 00 00 00 06 9C 00 00 06 00 00 A7 9B A9 D4 66 79 BF 
[09:55:12.434] F8 F8 B0 F0 08 00 00 00 00 34 00 14 01 15 09 37 3A 00 00 81 07 2D 03 01 90 06 39 8A 01 19 BC 00 00 03 00 00 00 00 00 00 00 00 00 00 00 00 00 00 00 00 00 06 9C 00 00 06 00 00 AB CF A9 D4 66 98 8B 
[09:55:12.934] F8 F8 B0 F0 08 00 00 00 00 34 00 14 01 15 09 37 3B 00 00 81 07 2D 03 01 90 06 39 8A 01 19 BC 00 00 03 00 00 00 00 00 00 00 00 00 00 00 00 00 00 00 00 00 06 9C 00 00 06 00 00 AF 00 AA D4 66 66 F1 
[09:55:13.434] F8 F8 B0 F0 08 00 00 00 00 34 00 14 01 15 09 37 3B 00 00 81 07 2D 03 01 90 06 39 8A 01 19 BC 00 00 03 00 00 00 00 00 00 00 00 00 00 00 00 00 00 00 00 00 06 9C 00 00 06 00 00 B3 33 AA D4 66 22 C9 
[09:55:13.934] F8 F8 B0 F0 08 00 00 00 00 34 00 14 01 15 09 37 3B 00 00 81 07 2D 03 01 90 06 39 8A 01 19 BC 00 00 03 00 00 00 00 00 00 00 00 00 00 00 00 00 00 00 00 00 06 9C 00 00 06 00 00 B7 64 AA D4 66 32 64 
[09:55:14.434] F8 F8 B0 F0 08 00 00 00 00 34 00 14 01 15 09 37 3B 00 00 81 07 2D 03 01 90 06 39 8A 01 19 BC 00 00 03 00 00 00 00 00 00 00 00 00 00 00 00 00 00 00 00 00 06 9C 00 00 06 00 00 BB 96 AA D4 66 3C 9D 
[09:55:14.934] F8 F8 B0 F0 08 00 00 00 00 34 00 14 01 15 09 38 00 00 00 81 07 2D 03 01 90 06 39 8A 01 19 BC 00 00 03 00 00 00 00 00 00 00 00 00 00 00 00 00 00 00 00 00 06 9C 00 00 06 00 00 BF C9 AA D4 66 C0 4F 
[09:55:15.434] F8 F8 B0 F0 08 00 00 00 00 34 00 14 01 15 09 38 00 00 00 81 07 2D 03 01 90 06 39 8A 01 19 BC 00 00 03 00 00 00 00 00 00 00 00 00 00 00 00 00 00 00 00 00 06 9C 00 00 06 00 00 C3 FA AA D4 66 58 6E 
[09:55:15.933] F8 F8 B0 F0 08 00 00 00 00 34 00 14 01 15 09 38 01 00 00 81 07 2D 03 01 90 06 39 8A 01 19 BC 00 00 03 00 00 00 00 00 00 00 00 00 00 00 00 00 00 00 00 00 06 9C 00 00 06 00 00 C7 2D AB D4 66 A2 E4 
[09:55:16.465] F8 F8 B0 F0 08 00 00 00 00 34 00 14 01 15 09 38 02 00 00 81 07 2D 03 01 90 06 39 8A 01 19 BC 00 00 03 00 00 00 00 00 00 00 00 00 00 00 00 00 00 00 00 00 06 9C 00 00 06 00 00 CB 5E AB D4 66 27 F0 
[09:55:16.933] F8 F8 B0 F0 08 00 00 00 00 34 00 14 01 15 09 38 02 00 00 81 07 2D 03 01 90 06 39 8A 01 19 BC 00 00 03 00 00 00 00 00 00 00 00 00 00 00 00 00 00 00 00 00 06 9C 00 00 06 00 00 CF 90 AB D4 66 DF 68 
[09:55:17.433] F8 F8 B0 F0 08 00 00 00 00 34 00 14 01 15 09 38 03 00 00 81 07 2D 03 01 90 06 39 8A 01 19 BC 00 00 03 00 00 00 00 00 00 00 00 00 00 00 00 00 00 00 00 00 06 9C 00 00 06 00 00 D3 C2 AB D4 66 1F B2 
[09:55:17.933] F8 F8 B0 F0 08 00 00 00 00 34 00 14 01 15 09 38 03 00 00 81 07 2D 03 01 90 06 39 8A 01 19 BC 00 00 03 00 00 00 00 00 00 00 00 00 00 00 00 00 00 00 00 00 06 9C 00 00 06 00 00 D7 F4 AB D4 66 69 30 
[09:55:18.433] F8 F8 B0 F0 08 00 00 00 00 34 00 14 01 15 09 38 04 00 00 81 07 2D 03 01 90 06 39 8A 01 19 BC 00 00 03 00 00 00 00 00 00 00 00 00 00 00 00 00 00 00 00 00 06 9C 00 00 06 00 00 DB 26 AC D4 66 55 3A 
[09:55:18.933] F8 F8 B0 F0 08 00 00 00 00 34 00 14 01 15 09 38 04 00 00 81 07 2D 03 01 90 06 39 8A 01 19 BC 00 00 03 00 00 00 00 00 00 00 00 00 00 00 00 00 00 00 00 00 06 9C 00 00 06 00 00 DF 59 AC D4 66 C8 25 
[09:55:19.433] F8 F8 B0 F0 08 00 00 00 00 34 00 14 01 15 09 38 05 00 00 81 07 2D 03 01 90 06 39 8A 01 19 BC 00 00 03 00 00 00 00 00 00 00 00 00 00 00 00 00 00 00 00 00 06 9C 00 00 06 00 00 E3 8B AC D4 66 84 2A 
[09:55:19.933] F8 F8 B0 F0 08 00 00 00 00 34 00 14 01 15 09 38 05 00 00 81 07 2D 03 01 90 06 39 8A 01 19 BC 00 00 03 00 00 00 00 00 00 00 00 00 00 00 00 00 00 00 00 00 06 9C 00 00 06 00 00 E7 BC AC D4 66 46 DE 
[09:55:20.432] F8 F8 B0 F0 08 00 00 00 00 34 00 14 01 15 09 38 06 00 00 81 07 2D 03 01 90 06 39 8A 01 19 BC 00 00 03 00 00 00 00 00 00 00 00 00 00 00 00 00 00 00 00 00 06 9C 00 00 06 00 00 EB EF AC D4 66 8D FD 
[09:55:20.932] F8 F8 B0 F0 08 00 00 00 00 34 00 14 01 15 09 38 06 00 00 81 07 2D 03 01 90 06 39 8A 01 19 BC 00 00 03 00 00 00 00 00 00 00 00 00 00 00 00 00 00 00 00 00 06 9C 00 00 06 00 00 EF 21 AD D4 66 45 52 
[09:55:21.432] F8 F8 B0 F0 08 00 00 00 00 34 00 14 01 15 09 38 07 00 00 81 07 2D 03 01 90 06 39 8A 01 19 BC 00 00 03 00 00 00 00 00 00 00 00 00 00 00 00 00 00 00 00 00 06 9C 00 00 06 00 00 03 53 AD D4 66 9D 80 
[09:55:21.932] F8 F8 B0 F0 08 00 00 00 00 34 00 14 01 15 09 38 07 00 00 81 07 2D 03 01 90 06 39 8A 01 19 BC 00 00 03 00 00 00 00 00 00 00 00 00 00 00 00 00 00 00 00 00 06 9C 00 00 06 00 00 07 84 AD D4 66 B5 F0 
[09:55:22.432] F8 F8 B0 F0 08 00 00 00 00 34 00 14 01 15 09 38 08 00 00 81 07 2D 03 01 90 06 39 8A 01 19 BC 00 00 03 00 00 00 00 00 00 00 00 00 00 00 00 00 00 00 00 00 06 9C 00 00 06 00 00 0B B7 AD D4 66 91 82 
[09:55:22.947] F8 F8 B0 F0 08 00 00 00 00 34 00 14 01 15 09 38 09 00 00 81 07 2D 03 01 90 06 39 8A 01 19 BC 00 00 03 00 00 00 00 00 00 00 00 00 00 00 00 00 00 00 00 00 06 9C 00 00 06 00 00 0F E9 AD D4 66 14 11 
[09:55:23.432] F8 F8 B0 F0 08 00 00 00 00 34 00 14 01 15 09 38 09 00 00 81 07 2D 03 01 90 06 39 8A 01 19 BC 00 00 03 00 00 00 00 00 00 00 00 00 00 00 00 00 00 00 00 00 06 9C 00 00 06 00 00 13 1B AE D4 66 10 B5 
[09:55:23.963] F8 F8 B0 F0 08 00 00 00 00 34 00 14 01 15 09 38 0A 00 00 81 07 2D 03 01 90 06 39 8A 01 19 BC 00 00 03 00 00 00 00 00 00 00 00 00 00 00 00 00 00 00 00 00 06 9C 00 00 06 00 00 17 4E AE D4 66 6F B3 
[09:55:24.463] F8 F8 B0 F0 08 00 00 00 00 34 00 14 01 15 09 38 0A 00 00 81 07 2D 03 01 90 06 39 8A 01 19 BC 00 00 03 00 00 00 00 00 00 00 00 00 00 00 00 00 00 00 00 00 06 9C 00 00 06 00 00 1C 81 AE D4 66 DA 38 
[09:55:24.963] F8 F8 B0 F0 08 00 00 00 00 34 00 14 01 15 09 38 0B 00 00 81 07 2D 03 01 90 06 39 8A 01 19 BC 00 00 03 00 00 00 00 00 00 00 00 00 00 00 00 00 00 00 00 00 06 9C 00 00 06 00 00 20 B3 AE D4 66 7C B3 
[09:55:25.462] F8 F8 B0 F0 08 00 00 00 00 34 00 14 01 15 09 38 0B 00 00 81 07 2D 03 01 90 06 39 8A 01 19 BC 00 00 03 00 00 00 00 00 00 00 00 00 00 00 00 00 00 00 00 00 06 9C 00 00 06 00 00 24 E5 AE D4 66 D8 68 
[09:55:25.962] F8 F8 B0 F0 08 00 00 00 00 34 00 14 01 15 09 38 0B 00 00 81 07 2D 03 01 90 06 39 8A 01 19 BC 00 00 03 00 00 00 00 00 00 00 00 00 00 00 00 00 00 00 00 00 06 9C 00 00 06 00 00 28 17 AF D4 66 E6 A6 
[09:55:26.462] F8 F8 B0 F0 08 00 00 00 00 34 00 14 01 15 09 38 0B 00 00 81 07 2D 03 01 90 06 39 8A 01 19 BC 00 00 03 00 00 00 00 00 00 00 00 00 00 00 00 00 00 00 00 00 06 9C 00 00 06 00 00 2B 48 AF D4 66 E1 E9 
[09:55:26.962] F8 F8 B0 F0 08 00 00 00 00 34 00 14 01 15 09 38 0C 00 00 81 07 2D 03 01 90 06 39 8A 01 19 BC 00 00 03 00 00 00 00 00 00 00 00 00 00 00 00 00 00 00 00 00 06 9C 00 00 06 00 00 2F 7A AF D4 66 8A E0 
[09:55:27.462] F8 F8 B0 F0 08 00 00 00 00 34 00 14 01 15 09 38 0C 00 00 81 07 2D 03 01 90 06 39 8A 01 19 BC 00 00 03 00 00 00 00 00 00 00 00 00 00 00 00 00 00 00 00 00 06 9C 00 00 06 00 00 34 AD AF D4 66 01 F1 
[09:55:27.962] F8 F8 B0 F0 08 00 00 00 00 34 00 14 01 15 09 38 0D 00 00 81 07 2D 03 01 90 06 39 8A 01 19 BC 00 00 03 00 00 00 00 00 00 00 00 00 00 00 00 00 00 00 00 00 06 9C 00 00 06 00 00 38 DF AF D4 66 D5 18 
[09:55:28.477] F8 F8 B0 F0 08 00 00 00 00 34 00 14 01 15 09 38 0E 00 00 81 07 2D 03 01 90 06 39 8A 01 19 BC 00 00 03 00 00 00 00 00 00 00 00 00 00 00 00 00 00 00 00 00 06 9C 00 00 06 00 00 3C 12 B0 D4 66 A4 32 
[09:55:28.962] F8 F8 B0 F0 08 00 00 00 00 34 00 14 01 15 09 38 0E 00 00 81 07 2D 03 01 90 06 39 8A 01 19 BC 00 00 03 00 00 00 00 00 00 00 00 00 00 00 00 00 00 00 00 00 06 9C 00 00 06 00 00 3F 42 B0 D4 66 4D A9 
[09:55:29.462] F8 F8 B0 F0 08 00 00 00 00 34 00 14 01 15 09 38 0F 00 00 81 07 2D 03 01 90 06 39 8A 01 19 BC 00 00 03 00 00 00 00 00 00 00 00 00 00 00 00 00 00 00 00 00 06 9C 00 00 06 00 00 44 75 B0 D4 66 12 E8 
[09:55:29.961] F8 F8 B0 F0 08 00 00 00 00 34 00 14 01 15 09 38 0F 00 00 81 07 2D 03 01 90 06 39 8A 01 19 BC 00 00 03 00 00 00 00 00 00 00 00 00 00 00 00 00 00 00 00 00 06 9C 00 00 06 00 00 47 A6 B0 D4 66 1F 35 
[09:55:30.461] F8 F8 B0 F0 08 00 00 00 00 34 00 14 01 15 09 38 10 00 00 81 07 2D 03 01 90 06 39 8A 01 19 BC 00 00 03 00 00 00 00 00 00 00 00 00 00 00 00 00 00 00 00 00 06 9C 00 00 06 00 00 4B D8 B0 D4 66 8D 0F 
[09:55:30.961] F8 F8 B0 F0 08 00 00 00 00 34 00 14 01 15 09 38 10 00 00 81 07 2D 03 01 90 06 39 8A 01 19 BC 00 00 03 00 00 00 00 00 00 00 00 00 00 00 00 00 00 00 00 00 06 9C 00 00 06 00 00 4F 0A B1 D4 66 D0 F4 
[09:55:31.461] F8 F8 B0 F0 08 00 00 00 00 34 00 14 01 15 09 38 11 00 00 81 07 2D 03 01 90 06 39 8A 01 19 BC 00 00 03 00 00 00 00 00 00 00 00 00 00 00 00 00 00 00 00 00 06 9C 00 00 06 00 00 53 3C B1 D4 66 33 BD 
[09:55:31.961] F8 F8 B0 F0 08 00 00 00 00 34 00 14 01 15 09 38 11 00 00 81 07 2D 03 01 90 06 39 8A 01 19 BC 00 00 03 00 00 00 00 00 00 00 00 00 00 00 00 00 00 00 00 00 06 9C 00 00 06 00 00 57 6E B1 D4 66 66 AC 
[09:55:32.461] F8 F8 B0 F0 08 00 00 00 00 34 00 14 01 15 09 38 12 00 00 81 07 2D 03 01 90 06 39 8A 01 19 BC 00 00 03 00 00 00 00 00 00 00 00 00 00 00 00 00 00 00 00 00 06 9C 00 00 06 00 00 5B A0 B1 D4 66 B4 70 
[09:55:32.961] F8 F8 B0 F0 08 00 00 00 00 34 00 14 01 15 09 38 12 00 00 81 07 2D 03 01 90 06 39 8A 01 19 BC 00 00 03 00 00 00 00 00 00 00 00 00 00 00 00 00 00 00 00 00 06 9C 00 00 06 00 00 5F D2 B1 D4 66 AF 56 
[09:55:33.461] F8 F8 B0 F0 08 00 00 00 00 34 00 14 01 15 09 38 13 00 00 81 07 2D 03 01 90 06 39 8A 01 19 BC 00 00 03 00 00 00 00 00 00 00 00 00 00 00 00 00 00 00 00 00 06 9C 00 00 06 00 00 63 04 B2 D4 66 42 CA 
[09:55:33.960] F8 F8 B0 F0 08 00 00 00 00 34 00 14 01 15 09 38 14 00 00 81 07 2D 03 01 90 06 39 8A 01 19 BC 00 00 03 00 00 00 00 00 00 00 00 00 00 00 00 00 00 00 00 00 06 9C 00 00 06 00 00 68 37 B2 D4 66 64 D0 
[09:55:34.460] F8 F8 B0 F0 08 00 00 00 00 34 00 14 01 15 09 38 14 00 00 81 07 2D 03 01 90 06 39 8A 01 19 BC 00 00 03 00 00 00 00 00 00 00 00 00 00 00 00 00 00 00 00 00 06 9C 00 00 06 00 00 6B 68 B2 D4 66 63 9F 
[09:55:34.960] F8 F8 B0 F0 08 00 00 00 00 34 00 14 01 15 09 38 15 00 00 81 07 2D 03 01 90 06 39 8A 01 19 BC 00 00 03 00 00 00 00 00 00 00 00 00 00 00 00 00 00 00 00 00 06 9C 00 00 06 00 00 6F 9A B2 D4 66 A2 A9 
[09:55:35.476] F8 F8 B0 F0 08 00 00 00 00 34 00 14 01 15 09 38 15 00 00 81 07 2D 03 01 90 06 39 8A 01 19 BC 00 00 03 00 00 00 00 00 00 00 00 00 00 00 00 00 00 00 00 00 06 9C 00 00 06 00 00 74 CE B2 D4 66 CD FE 
[09:55:35.975] F8 F8 B0 F0 08 00 00 00 00 34 00 14 01 15 09 38 16 00 00 81 07 2D 03 01 90 06 39 8A 01 19 BC 00 00 03 00 00 00 00 00 00 00 00 00 00 00 00 00 00 00 00 00 06 9C 00 00 06 00 00 78 00 B3 D4 66 2F 15 
[09:55:36.475] F8 F8 B0 F0 08 00 00 00 00 34 00 14 01 15 09 38 16 00 00 81 07 2D 03 01 90 06 39 8A 01 19 BC 00 00 03 00 00 00 00 00 00 00 00 00 00 00 00 00 00 00 00 00 06 9C 00 00 06 00 00 7C 32 B3 D4 66 A8 5D 
[09:55:36.975] F8 F8 B0 F0 08 00 00 00 00 34 00 14 01 15 09 38 17 00 00 81 07 2D 03 01 90 06 39 8A 01 19 BC 00 00 03 00 00 00 00 00 00 00 00 00 00 00 00 00 00 00 00 00 06 9C 00 00 06 00 00 80 64 B3 D4 66 95 76 
[09:55:37.475] F8 F8 B0 F0 08 00 00 00 00 34 00 14 01 15 09 38 17 00 00 81 07 2D 03 01 90 06 39 8A 01 19 BC 00 00 03 00 00 00 00 00 00 00 00 00 00 00 00 00 00 00 00 00 06 9C 00 00 06 00 00 84 96 B3 D4 66 B6 8D 
[09:55:37.975] F8 F8 B0 F0 08 00 00 00 00 34 00 14 01 15 09 38 17 00 00 81 07 2D 03 01 90 06 39 8A 01 19 BC 00 00 03 00 00 00 00 00 00 00 00 00 00 00 00 00 00 00 00 00 06 9C 00 00 06 00 00 88 C8 B3 D4 66 FC D1 
[09:55:38.475] F8 F8 B0 F0 08 00 00 00 00 34 00 14 01 15 09 38 17 00 00 81 07 2D 03 01 90 06 39 8A 01 19 BC 00 00 03 00 00 00 00 00 00 00 00 00 00 00 00 00 00 00 00 00 06 9C 00 00 06 00 00 8C FA B3 D4 66 7B 99 
[09:55:38.975] F8 F8 B0 F0 08 00 00 00 00 34 00 14 01 15 09 38 18 00 00 81 07 2D 03 01 90 06 39 8A 01 19 BC 00 00 03 00 00 00 00 00 00 00 00 00 00 00 00 00 00 00 00 00 06 9C 00 00 06 00 00 90 2C B4 D4 66 3A 52 
[09:55:39.499] F8 F8 B0 F0 08 00 00 00 00 34 00 14 01 15 09 38 19 00 00 81 07 2D 03 01 90 06 39 8A 01 19 BC 00 00 03 00 00 00 00 00 00 00 00 00 00 00 00 00 00 00 00 00 06 9C 00 00 06 00 00 94 5E B4 D4 66 C3 B9 
[09:55:39.983] F8 F8 B0 F0 08 00 00 00 00 34 00 14 01 15 09 38 19 00 00 81 07 2D 03 01 90 06 39 8A 01 19 BC 00 00 03 00 00 00 00 00 00 00 00 00 00 00 00 00 00 00 00 00 06 9C 00 00 06 00 00 98 90 B4 D4 66 16 23 
[09:55:40.483] F8 F8 B0 F0 08 00 00 00 00 34 00 14 01 15 09 38 1A 00 00 81 07 2D 03 01 90 06 39 8A 01 19 BC 00 00 03 00 00 00 00 00 00 00 00 00 00 00 00 00 00 00 00 00 06 9C 00 00 06 00 00 9C C2 B4 D4 66 44 74 
[09:55:40.983] F8 F8 B0 F0 08 00 00 00 00 34 00 14 01 15 09 38 1A 00 00 81 07 2D 03 01 90 06 39 8A 01 19 BC 00 00 03 00 00 00 00 00 00 00 00 00 00 00 00 00 00 00 00 00 06 9C 00 00 06 00 00 A0 F4 B4 D4 66 F1 F8 
[09:55:41.483] F8 F8 B0 F0 08 00 00 00 00 34 00 14 01 15 09 38 1B 00 00 81 07 2D 03 01 90 06 39 8A 01 19 BC 00 00 03 00 00 00 00 00 00 00 00 00 00 00 00 00 00 00 00 00 06 9C 00 00 06 00 00 A4 26 B5 D4 66 4E CE 
[09:55:41.983] F8 F8 B0 F0 08 00 00 00 00 34 00 14 01 15 09 38 1B 00 00 81 07 2D 03 01 90 06 39 8A 01 19 BC 00 00 03 00 00 00 00 00 00 00 00 00 00 00 00 00 00 00 00 00 06 9C 00 00 06 00 00 A8 58 B5 D4 66 4A A5 
[09:55:42.483] F8 F8 B0 F0 08 00 00 00 00 34 00 14 01 15 09 38 1C 00 00 81 07 2D 03 01 90 06 39 8A 01 19 BC 00 00 03 00 00 00 00 00 00 00 00 00 00 00 00 00 00 00 00 00 06 9C 00 00 06 00 00 AC 8A B5 D4 66 CB 28 
[09:55:42.983] F8 F8 B0 F0 08 00 00 00 00 34 00 14 01 15 09 38 1C 00 00 81 07 2D 03 01 90 06 39 8A 01 19 BC 00 00 03 00 00 00 00 00 00 00 00 00 00 00 00 00 00 00 00 00 06 9C 00 00 06 00 00 B0 BC B5 D4 66 CA AC 
[09:55:43.483] F8 F8 B0 F0 08 00 00 00 00 34 00 14 01 15 09 38 1D 00 00 81 07 2D 03 01 90 06 39 8A 01 19 BC 00 00 03 00 00 00 00 00 00 00 00 00 00 00 00 00 00 00 00 00 06 9C 00 00 06 00 00 B4 EE B5 D4 66 7D 70 
[09:55:43.967] F8 F8 B0 F0 08 00 00 00 00 34 00 14 01 15 09 38 1D 00 00 81 07 2D 03 01 90 06 39 8A 01 19 BC 00 00 03 00 00 00 00 00 00 00 00 00 00 00 00 00 00 00 00 00 06 9C 00 00 06 00 00 B8 20 B6 D4 66 F8 B3 