TX2
[10:27:01.503] F8 F8 C0 F0 08 00 00 00 00 97 00 14 01 14 17 1B 36 00 00 C0 87 00 00 01 88 06 2B 05 09 95 00 00 00 00 00 00 00 00 00 00 00 00 00 00 00 00 00 00 00 00 00 95 8C 30 01 25 01 32 06 02 00 00 00 00 00 00 00 00 00 00 00 00 00 00 00 00 00 00 00 00 00 00 00 00 00 00 00 0C 00 00 00 00 00 00 00 00 00 00 00 00 00 00 00 00 00 00 00 00 00 00 00 00 00 00 00 00 00 00 00 00 00 00 00 00 00 00 00 00 00 00 00 00 00 00 00 00 00 00 00 00 00 00 00 00 00 00 00 00 00 00 48 00 00 00 B7 C5 44 78 6F FB 2D 35 7F 11 
[10:27:02.005] F8 F8 C0 F0 08 00 00 00 00 97 00 14 01 14 17 1B 37 00 00 C0 87 00 00 01 88 06 2B 05 09 95 00 00 00 00 00 00 00 00 00 00 00 00 00 00 00 00 00 00 00 00 00 96 8C 30 01 25 01 32 06 02 00 00 00 00 00 00 00 00 00 00 00 00 00 00 00 00 00 00 00 00 00 00 00 00 00 00 00 0C 00 00 00 00 00 00 00 00 00 00 00 00 00 00 00 00 00 00 00 00 00 00 00 00 00 00 00 00 00 00 00 00 00 00 00 00 00 00 00 00 00 00 00 00 00 00 00 00 00 00 00 00 00 00 00 00 00 00 00 00 00 00 4C 00 00 00 E9 C5 44 78 6F FB 2D 35 70 5D 
TX1
[10:27:31.553] F8 F8 C0 F0 08 00 00 00 00 97 00 14 01 14 17 1C 19 00 00 C0 87 00 00 01 88 06 2B 05 09 95 00 00 00 00 00 00 00 00 00 00 00 00 00 00 00 00 00 00 00 00 00 9C 8C 30 01 25 01 32 06 02 00 00 00 00 00 00 00 00 00 00 00 00 00 00 00 00 00 00 00 00 00 00 00 00 00 00 00 0C 00 00 00 00 00 00 00 00 00 00 00 00 00 00 00 00 00 00 00 00 00 00 00 00 00 00 00 00 00 00 00 00 00 00 00 00 00 00 00 00 00 00 00 00 00 00 00 00 00 00 00 00 00 00 00 00 00 00 00 00 00 00 48 00 00 00 75 D1 44 78 6F FB 2D 35 A5 00 
[10:27:32.057] F8 F8 C0 F0 08 00 00 00 00 97 00 14 01 14 17 1C 19 00 00 C0 87 00 00 01 88 06 2B 05 09 95 00 00 00 00 00 00 00 00 00 00 00 00 00 00 00 00 00 00 00 00 00 9C 8C 30 01 25 01 32 06 02 00 00 00 00 00 00 00 00 00 00 00 00 00 00 00 00 00 00 00 00 00 00 00 00 00 00 00 0C 00 00 00 00 00 00 00 00 00 00 00 00 00 00 00 00 00 00 00 00 00 00 00 00 00 00 00 00 00 00 00 00 00 00 00 00 00 00 00 00 00 00 00 00 00 00 00 00 00 00 00 00 00 00 00 00 00 00 00 00 00 00 4C 00 00 00 A7 D1 44 78 6F FB 2D 35 32 B4 
[10:27:32.562] F8 F8 C0 F0 08 00 00 00 00 97 00 14 01 14 17 1C 1A 00 00 C0 87 00 00 01 88 06 2B 05 09 95 00 00 00 00 00 00 00 00 00 00 00 00 00 00 00 00 00 00 00 00 00 9B 8C 30 01 25 01 32 06 02 00 00 00 00 00 00 00 00 00 00 00 00 00 00 00 00 00 00 00 00 00 00 00 00 00 00 00 0C 00 00 00 00 00 00 00 00 00 00 00 00 00 00 00 00 00 00 00 00 00 00 00 00 00 00 00 00 00 00 00 00 00 00 00 00 00 00 00 00 00 00 00 00 00 00 00 00 00 00 00 00 00 00 00 00 00 00 00 00 00 00 50 00 00 00 D9 D1 44 78 6F FB 2D 35 5A 01 
[10:27:33.065] F8 F8 C0 F0 08 00 00 00 00 97 00 14 01 14 17 1C 1A 00 00 C0 87 00 00 01 88 06 2B 05 09 95 00 00 00 00 00 00 00 00 00 00 00 00 00 00 00 00 00 00 00 00 00 99 8C 30 01 25 01 32 06 02 00 00 00 00 00 00 00 00 00 00 00 00 00 00 00 00 00 00 00 00 00 00 00 00 00 00 00 0C 00 00 00 00 00 00 00 00 00 00 00 00 00 00 00 00 00 00 00 00 00 00 00 00 00 00 00 00 00 00 00 00 00 00 00 00 00 00 00 00 00 00 00 00 00 00 00 00 00 00 00 00 00 00 00 00 00 00 00 00 00 00 54 00 00 00 0B D2 44 78 6F FB 2D 35 E4 EA 
[10:27:33.559] F8 F8 C0 F0 08 00 00 00 00 97 00 14 01 14 17 1C 1B 00 00 C0 87 00 00 01 88 06 2B 05 09 95 00 00 00 00 00 00 00 00 00 00 00 00 00 00 00 00 00 00 00 00 00 99 8C 30 01 25 01 32 06 02 00 00 00 00 00 00 00 00 00 00 00 00 00 00 00 00 00 00 00 00 00 00 00 00 00 00 00 0C 00 00 00 00 00 00 00 00 00 00 00 00 00 00 00 00 00 00 00 00 00 00 00 00 00 00 00 00 00 00 00 00 00 00 00 00 00 00 00 00 00 00 00 00 00 00 00 00 00 00 00 00 00 00 00 00 00 00 00 00 00 00 58 00 00 00 3D D2 44 78 6F FB 2D 35 4F 62 
[10:27:34.064] F8 F8 C0 F0 08 00 00 00 00 97 00 14 01 14 17 1C 1B 00 00 C0 87 00 00 01 88 06 2B 05 09 95 00 00 00 00 00 00 00 00 00 00 00 00 00 00 00 00 00 00 00 00 00 9A 8C 30 01 25 01 32 06 02 00 00 00 00 00 00 00 00 00 00 00 00 00 00 00 00 00 00 00 00 00 00 00 00 00 00 00 0C 00 00 00 00 00 00 00 00 00 00 00 00 00 00 00 00 00 00 00 00 00 00 00 00 00 00 00 00 00 00 00 00 00 00 00 00 00 00 00 00 00 00 00 00 00 00 00 00 00 00 00 00 00 00 00 00 00 00 00 00 00 00 5C 00 00 00 6F D2 44 78 6F FB 2D 35 37 67 
[10:27:34.560] F8 F8 C0 F0 08 00 00 00 00 97 00 14 01 14 17 1C 1C 00 00 C0 87 00 00 01 88 06 2B 05 09 95 00 00 00 00 00 00 00 00 00 00 00 00 00 00 00 00 00 00 00 00 00 99 8C 30 01 25 01 32 06 02 00 00 00 00 00 00 00 00 00 00 00 00 00 00 00 00 00 00 00 00 00 00 00 00 00 00 00 0C 00 00 00 00 00 00 00 00 00 00 00 00 00 00 00 00 00 00 00 00 00 00 00 00 00 00 00 00 00 00 00 00 00 00 00 00 00 00 00 00 00 00 00 00 00 00 00 00 00 00 00 00 00 00 00 00 00 00 00 00 00 00 60 00 00 00 A1 D2 44 78 6F FB 2D 35 F4 6B 
[10:27:35.054] F8 F8 C0 F0 08 00 00 00 00 97 00 14 01 14 17 1C 1C 00 00 C0 87 00 00 01 88 06 2B 05 09 95 00 00 00 00 00 00 00 00 00 00 00 00 00 00 00 00 00 00 00 00 00 9D 8C 30 01 25 01 32 06 02 00 00 00 00 00 00 00 00 00 00 00 00 00 00 00 00 00 00 00 00 00 00 00 00 00 00 00 0C 00 00 00 00 00 00 00 00 00 00 00 00 00 00 00 00 00 00 00 00 00 00 00 00 00 00 00 00 00 00 00 00 00 00 00 00 00 00 00 00 00 00 00 00 00 00 00 00 00 00 00 00 00 00 00 00 00 00 00 00 00 00 64 00 00 00 D3 D2 44 78 6F FB 2D 35 FD 46 
[10:27:35.559] F8 F8 C0 F0 08 00 00 00 00 97 00 14 01 14 17 1C 1D 00 00 C0 87 00 00 01 88 06 2B 05 09 95 00 00 00 00 00 00 00 00 00 00 00 00 00 00 00 00 00 00 00 00 00 9D 8C 30 01 25 01 32 06 02 00 00 00 00 00 00 00 00 00 00 00 00 00 00 00 00 00 00 00 00 00 00 00 00 00 00 00 0C 00 00 00 00 00 00 00 00 00 00 00 00 00 00 00 00 00 00 00 00 00 00 00 00 00 00 00 00 00 00 00 00 00 00 00 00 00 00 00 00 00 00 00 00 00 00 00 00 00 00 00 00 00 00 00 00 00 00 00 00 00 00 68 00 00 00 05 D3 44 78 6F FB 2D 35 0E 06 
[10:27:36.061] F8 F8 C0 F0 08 00 00 00 00 97 00 14 01 14 17 1C 1E 00 00 C0 87 00 00 01 88 06 2B 05 09 95 00 00 00 00 00 00 00 00 00 00 00 00 00 00 00 00 00 00 00 00 00 9E 8C 30 01 25 01 32 06 02 00 00 00 00 00 00 00 00 00 00 00 00 00 00 00 00 00 00 00 00 00 00 00 00 00 00 00 0C 00 00 00 00 00 00 00 00 00 00 00 00 00 00 00 00 00 00 00 00 00 00 00 00 00 00 00 00 00 00 00 00 00 00 00 00 00 00 00 00 00 00 00 00 00 00 00 00 00 00 00 00 00 00 00 00 00 00 00 00 00 00 6C 00 00 00 37 D3 44 78 6F FB 2D 35 8E 67 
[10:27:36.558] F8 F8 C0 F0 08 00 00 00 00 97 00 14 01 14 17 1C 1E 00 00 C0 87 00 00 01 88 06 2B 05 09 95 00 00 00 00 00 00 00 00 00 00 00 00 00 00 00 00 00 00 00 00 00 9B 8C 30 01 25 01 32 06 02 00 00 00 00 00 00 00 00 00 00 00 00 00 00 00 00 00 00 00 00 00 00 00 00 00 00 00 0C 00 00 00 00 00 00 00 00 00 00 00 00 00 00 00 00 00 00 00 00 00 00 00 00 00 00 00 00 00 00 00 00 00 00 00 00 00 00 00 00 00 00 00 00 00 00 00 00 00 00 00 00 00 00 00 00 00 00 00 00 00 00 70 00 00 00 69 D3 44 78 6F FB 2D 35 65 C7 
[10:27:37.061] F8 F8 C0 F0 08 00 00 00 00 97 00 14 01 14 17 1C 1E 00 00 C0 87 00 00 01 88 06 2B 05 09 95 00 00 00 00 00 00 00 00 00 00 00 00 00 00 00 00 00 00 00 00 00 9A 8C 30 01 25 01 32 06 02 00 00 00 00 00 00 00 00 00 00 00 00 00 00 00 00 00 00 00 00 00 00 00 00 00 00 00 0C 00 00 00 00 00 00 00 00 00 00 00 00 00 00 00 00 00 00 00 00 00 00 00 00 00 00 00 00 00 00 00 00 00 00 00 00 00 00 00 00 00 00 00 00 00 00 00 00 00 00 00 00 00 00 00 00 00 00 00 00 00 00 74 00 00 00 9B D3 44 78 6F FB 2D 35 5F C3 
[10:27:37.557] F8 F8 C0 F0 08 00 00 00 00 97 00 14 01 14 17 1C 1E 00 00 C0 87 00 00 01 88 06 2B 05 09 95 00 00 00 00 00 00 00 00 00 00 00 00 00 00 00 00 00 00 00 00 00 99 8C 30 01 25 01 32 06 02 00 00 00 00 00 00 00 00 00 00 00 00 00 00 00 00 00 00 00 00 00 00 00 00 00 00 00 0C 00 00 00 00 00 00 00 00 00 00 00 00 00 00 00 00 00 00 00 00 00 00 00 00 00 00 00 00 00 00 00 00 00 00 00 00 00 00 00 00 00 00 00 00 00 00 00 00 00 00 00 00 00 00 00 00 00 00 00 00 00 00 78 00 00 00 CD D3 44 78 6F FB 2D 35 E2 D2 
[10:27:38.062] F8 F8 C0 F0 08 00 00 00 00 97 00 14 01 14 17 1C 1F 00 00 C0 87 00 00 01 88 06 2B 05 09 95 00 00 00 00 00 00 00 00 00 00 00 00 00 00 00 00 00 00 00 00 00 99 8C 30 01 25 01 32 06 02 00 00 00 00 00 00 00 00 00 00 00 00 00 00 00 00 00 00 00 00 00 00 00 00 00 00 00 0C 00 00 00 00 00 00 00 00 00 00 00 00 00 00 00 00 00 00 00 00 00 00 00 00 00 00 00 00 00 00 00 00 00 00 00 00 00 00 00 00 00 00 00 00 00 00 00 00 00 00 00 00 00 00 00 00 00 00 00 00 00 00 7C 00 00 00 FF D3 44 78 6F FB 2D 35 8C 4E 
[10:27:38.564] F8 F8 C0 F0 08 00 00 00 00 97 00 14 01 14 17 1C 1F 00 00 C0 87 00 00 01 88 06 2B 05 09 95 00 00 00 00 00 00 00 00 00 00 00 00 00 00 00 00 00 00 00 00 00 9A 8C 30 01 25 01 32 06 02 00 00 00 00 00 00 00 00 00 00 00 00 00 00 00 00 00 00 00 00 00 00 00 00 00 00 00 0C 00 00 00 00 00 00 00 00 00 00 00 00 00 00 00 00 00 00 00 00 00 00 00 00 00 00 00 00 00 00 00 00 00 00 00 00 00 00 00 00 00 00 00 00 00 00 00 00 00 00 00 00 00 00 00 00 00 00 00 00 00 00 80 00 00 00 31 D4 44 78 6F FB 2D 35 8B B6 
[10:27:39.060] F8 F8 C0 F0 08 00 00 00 00 97 00 14 01 14 17 1C 20 00 00 C0 87 00 00 01 88 06 2B 05 09 95 00 00 00 00 00 00 00 00 00 00 00 00 00 00 00 00 00 00 00 00 00 9A 8C 30 01 25 01 32 06 02 00 00 00 00 00 00 00 00 00 00 00 00 00 00 00 00 00 00 00 00 00 00 00 00 00 00 00 0C 00 00 00 00 00 00 00 00 00 00 00 00 00 00 00 00 00 00 00 00 00 00 00 00 00 00 00 00 00 00 00 00 00 00 00 00 00 00 00 00 00 00 00 00 00 00 00 00 00 00 00 00 00 00 00 00 00 00 00 00 00 00 84 00 00 00 63 D4 44 78 6F FB 2D 35 70 F6 
[10:27:39.555] F8 F8 C0 F0 08 00 00 00 00 97 00 14 01 14 17 1C 20 00 00 C0 87 00 00 01 88 06 2B 05 09 95 00 00 00 00 00 00 00 00 00 00 00 00 00 00 00 00 00 00 00 00 00 9D 8C 30 01 25 01 32 06 02 00 00 00 00 00 00 00 00 00 00 00 00 00 00 00 00 00 00 00 00 00 00 00 00 00 00 00 0C 00 00 00 00 00 00 00 00 00 00 00 00 00 00 00 00 00 00 00 00 00 00 00 00 00 00 00 00 00 00 00 00 00 00 00 00 00 00 00 00 00 00 00 00 00 00 00 00 00 00 00 00 00 00 00 00 00 00 00 00 00 00 88 00 00 00 95 D4 44 78 6F FB 2D 35 53 7E 
[10:27:40.060] F8 F8 C0 F0 08 00 00 00 00 97 00 14 01 14 17 1C 21 00 00 C0 87 00 00 01 88 06 2B 05 09 95 00 00 00 00 00 00 00 00 00 00 00 00 00 00 00 00 00 00 00 00 00 9C 8C 30 01 25 01 32 06 02 00 00 00 00 00 00 00 00 00 00 00 00 00 00 00 00 00 00 00 00 00 00 00 00 00 00 00 0C 00 00 00 00 00 00 00 00 00 00 00 00 00 00 00 00 00 00 00 00 00 00 00 00 00 00 00 00 00 00 00 00 00 00 00 00 00 00 00 00 00 00 00 00 00 00 00 00 00 00 00 00 00 00 00 00 00 00 00 00 00 00 8C 00 00 00 C7 D4 44 78 6F FB 2D 35 40 A4 
[10:27:40.564] F8 F8 C0 F0 08 00 00 00 00 97 00 14 01 14 17 1C 22 00 00 C0 87 00 00 01 88 06 2B 05 09 95 00 00 00 00 00 00 00 00 00 00 00 00 00 00 00 00 00 00 00 00 00 9D 8C 30 01 25 01 32 06 02 00 00 00 00 00 00 00 00 00 00 00 00 00 00 00 00 00 00 00 00 00 00 00 00 00 00 00 0C 00 00 00 00 00 00 00 00 00 00 00 00 00 00 00 00 00 00 00 00 00 00 00 00 00 00 00 00 00 00 00 00 00 00 00 00 00 00 00 00 00 00 00 00 00 00 00 00 00 00 00 00 00 00 00 00 00 00 00 00 00 00 90 00 00 00 F9 D4 44 78 6F FB 2D 35 24 7F 
[10:27:41.581] F8 F8 C0 F0 08 00 00 00 00 97 00 14 01 14 17 1C 23 00 00 C0 87 00 00 01 83 06 2B 05 09 95 00 00 00 00 00 00 00 00 00 00 00 00 00 00 00 00 00 00 00 00 00 9A 8C 30 01 25 01 32 06 02 00 00 00 00 00 00 00 00 00 00 00 00 00 00 00 00 00 00 00 00 00 00 00 00 00 00 00 0C 00 00 00 00 00 00 00 00 00 00 00 00 00 00 00 00 00 00 00 00 00 00 00 00 00 00 00 00 00 00 00 00 00 00 00 00 00 00 00 00 00 00 00 00 00 00 00 00 00 00 00 00 00 00 00 00 00 00 00 00 00 00 98 00 00 00 5F D5 44 78 6F FB 2D 35 8F 32 
[10:27:42.077] F8 F8 C0 F0 08 00 00 00 00 97 00 14 01 14 17 1C 23 00 00 C1 87 00 00 01 87 06 2B 05 09 95 00 00 00 00 00 00 00 00 00 00 00 00 00 00 00 00 00 00 00 00 00 4B 00 2F 01 FD 00 5D 05 FB FF 00 00 00 00 00 00 00 00 00 00 00 00 00 00 00 00 00 00 00 00 00 00 00 00 00 00 00 00 00 00 00 00 00 00 00 00 00 00 00 00 00 00 00 00 00 00 00 00 00 00 00 00 00 00 00 00 00 00 00 00 00 00 00 00 00 00 00 00 00 00 00 00 00 00 00 00 00 00 00 00 00 00 00 00 00 00 00 00 00 9C 00 00 00 91 D5 44 78 6F FB 2D 35 03 37 
[10:27:42.582] F8 F8 C0 F0 08 00 00 00 00 97 00 14 01 14 17 1C 24 00 00 C1 A7 00 00 01 87 06 2B 05 09 95 00 00 00 00 00 00 00 00 00 00 00 00 00 00 00 00 00 00 00 00 00 4C 00 39 01 08 01 33 05 FC FF 00 00 00 00 00 00 00 00 00 00 00 00 00 00 00 00 00 00 00 00 00 00 00 00 00 00 00 0E 00 00 00 00 00 00 00 00 00 00 00 00 00 00 00 00 00 00 00 00 00 00 00 00 00 00 00 00 00 00 00 00 00 00 00 00 00 00 00 00 00 00 00 00 00 00 00 00 00 00 00 00 00 00 00 00 00 00 00 00 00 A0 00 00 00 C3 D5 44 78 6F FB 2D 35 BD 5C 
[10:27:43.076] F8 F8 C0 F0 08 00 00 00 00 97 00 14 01 14 17 1C 24 00 00 C1 A7 00 00 01 87 06 2B 05 09 95 00 00 00 00 00 00 00 00 00 00 00 00 00 00 00 00 00 00 00 00 00 4E 00 37 01 0E 01 34 05 FB FF 00 00 00 00 00 00 00 00 00 00 00 00 00 00 00 00 00 00 00 00 00 00 00 00 00 00 00 0E 00 00 00 00 00 00 00 00 00 00 00 00 00 00 00 00 00 00 00 00 00 00 00 00 00 00 00 00 00 00 00 00 00 00 00 00 00 00 00 00 00 00 00 00 00 00 00 00 00 00 00 00 00 00 00 00 00 00 00 00 00 A4 00 00 00 F5 D5 44 78 6F FB 2D 35 9A 9D 
[10:27:43.580] F8 F8 C0 F0 08 00 00 00 00 97 00 14 01 14 17 1C 25 00 00 C1 A7 00 00 01 87 06 2B 05 09 95 00 00 00 00 00 00 00 00 00 00 00 00 00 00 00 00 00 00 00 00 00 02 00 36 01 3C 01 0E 06 02 00 00 00 00 00 00 00 00 00 00 00 00 00 00 00 00 00 00 00 00 00 00 00 00 00 00 00 00 0E 00 00 00 00 00 00 00 00 00 00 00 00 00 00 00 00 00 00 00 00 00 00 00 00 00 00 00 00 00 00 00 00 00 00 00 00 00 00 00 00 00 00 00 00 00 00 00 00 00 00 00 00 00 00 00 00 00 00 00 00 00 A8 00 00 00 27 D6 44 78 6F FB 2D 35 F7 AC 
[10:27:44.083] F8 F8 C0 F0 08 00 00 00 00 97 00 14 01 14 17 1C 25 00 00 C1 A7 00 00 01 87 06 2B 05 09 95 00 00 00 00 00 00 00 00 00 00 00 00 00 00 00 00 00 00 00 00 00 01 00 2C 01 32 01 3F 06 04 00 00 00 00 00 00 00 00 00 00 00 00 00 00 00 00 00 00 00 00 00 00 00 00 00 00 00 00 0E 00 00 00 00 00 00 00 00 00 00 00 00 00 00 00 00 00 00 00 00 00 00 00 00 00 00 00 00 00 00 00 00 00 00 00 00 00 00 00 00 00 00 00 00 00 00 00 00 00 00 00 00 00 00 00 00 00 00 00 00 00 AC 00 00 00 59 D6 44 78 6F FB 2D 35 88 97 
[10:27:44.579] F8 F8 C0 F0 08 00 00 00 00 97 00 14 01 14 17 1C 26 00 00 C1 A7 00 00 01 87 06 2B 05 09 95 00 00 00 00 00 00 00 00 00 00 00 00 00 00 00 00 00 00 00 00 00 02 00 2C 01 32 01 3F 06 04 00 00 00 00 00 00 00 00 00 00 00 00 00 00 00 00 00 00 00 00 00 00 00 00 00 00 00 00 0E 00 00 00 00 00 00 00 00 00 00 00 00 00 00 00 00 00 00 00 00 00 00 00 00 00 00 00 00 00 00 00 00 00 00 00 00 00 00 00 00 00 00 00 00 00 00 00 00 00 00 00 00 00 00 00 00 00 00 00 00 00 B0 00 00 00 8B D6 44 78 6F FB 2D 35 C9 AA 
[10:27:45.074] F8 F8 C0 F0 08 00 00 00 00 97 00 14 01 14 17 1C 27 00 00 C0 A7 00 00 01 87 06 2B 05 09 95 00 00 00 00 00 00 00 00 00 00 00 00 00 00 00 00 00 00 00 00 00 01 00 2C 01 32 01 3F 06 04 00 00 00 00 00 00 00 00 00 00 00 00 00 00 00 00 00 00 00 00 00 00 00 00 00 00 00 00 0E 00 00 00 00 00 00 00 00 00 00 00 00 00 00 00 00 00 00 00 00 00 00 00 00 00 00 00 00 00 00 00 00 00 00 00 00 00 00 00 00 00 00 00 00 00 00 00 00 00 00 00 00 00 00 00 00 00 00 00 00 00 B4 00 00 00 BD D6 44 78 6F FB 2D 35 A8 35 
[10:27:45.578] F8 F8 C0 F0 08 00 00 00 00 97 00 14 01 14 17 1C 27 00 00 C0 A7 00 00 01 87 06 2B 05 09 95 00 00 00 00 00 00 00 00 00 00 00 00 00 00 00 00 00 00 00 00 00 01 00 2C 01 32 01 3F 06 04 00 00 00 00 00 00 00 00 00 00 00 00 00 00 00 00 00 00 00 00 00 00 00 00 00 00 00 00 0E 00 00 00 00 00 00 00 00 00 00 00 00 00 00 00 00 00 00 00 00 00 00 00 00 00 00 00 00 00 00 00 00 00 00 00 00 00 00 00 00 00 00 00 00 00 00 00 00 00 00 00 00 00 00 00 00 00 00 00 00 00 B8 00 00 00 EF D6 44 78 6F FB 2D 35 16 67 
[10:27:46.083] F8 F8 C0 F0 08 00 00 00 00 97 00 14 01 14 17 1C 27 00 00 C0 A7 00 00 01 87 06 2B 05 09 95 00 00 00 00 00 00 00 00 00 00 00 00 00 00 00 00 00 00 00 00 00 02 00 2D 01 32 01 3F 06 04 00 00 00 00 00 00 00 00 00 00 00 00 00 00 00 00 00 00 00 00 00 00 00 00 00 00 00 00 0E 00 00 00 00 00 00 00 00 00 00 00 00 00 00 00 00 00 00 00 00 00 00 00 00 00 00 00 00 00 00 00 00 00 00 00 00 00 00 00 00 00 00 00 00 00 00 00 00 00 00 00 00 00 00 00 00 00 00 00 00 00 BC 00 00 00 21 D7 44 78 6F FB 2D 35 90 7B 
[10:27:46.577] F8 F8 C0 F0 08 00 00 00 00 97 00 14 01 14 17 1C 27 00 00 C0 A7 00 00 01 87 06 2B 05 09 95 00 00 00 00 00 00 00 00 00 00 00 00 00 00 00 00 00 00 00 00 00 01 00 2D 01 33 01 3F 06 04 00 00 00 00 00 00 00 00 00 00 00 00 00 00 00 00 00 00 00 00 00 00 00 00 00 00 00 00 0E 00 00 00 00 00 00 00 00 00 00 00 00 00 00 00 00 00 00 00 00 00 00 00 00 00 00 00 00 00 00 00 00 00 00 00 00 00 00 00 00 00 00 00 00 00 00 00 00 00 00 00 00 00 00 00 00 00 00 00 00 00 C0 00 00 00 53 D7 44 78 6F FB 2D 35 54 C8 
[10:27:47.583] F8 F8 C0 F0 08 00 00 00 00 97 00 14 01 14 17 1C 28 00 00 C0 A7 00 00 01 87 06 2B 05 09 95 00 00 00 00 00 00 00 00 00 00 00 00 00 00 00 00 00 00 00 00 00 02 00 2D 01 33 01 3F 06 04 00 00 00 00 00 00 00 00 00 00 00 00 00 00 00 00 00 00 00 00 00 00 00 00 00 00 00 00 0E 00 00 00 00 00 00 00 00 00 00 00 00 00 00 00 00 00 00 00 00 00 00 00 00 00 00 00 00 00 00 00 00 00 00 00 00 00 00 00 00 00 00 00 00 00 00 00 00 00 00 00 00 00 00 00 00 00 00 00 00 00 C8 00 00 00 B7 D7 44 78 6F FB 2D 35 E5 9C 
[10:27:48.584] F8 F8 C0 F0 08 00 00 00 00 97 00 14 01 14 17 1C 29 00 00 C0 A7 00 00 01 87 06 2B 05 09 95 00 00 00 00 00 00 00 00 00 00 00 00 00 00 00 00 00 00 00 00 00 02 00 2D 01 33 01 3F 06 04 00 00 00 00 00 00 00 00 00 00 00 00 00 00 00 00 00 00 00 00 00 00 00 00 00 00 00 00 0E 00 00 00 00 00 00 00 00 00 00 00 00 00 00 00 00 00 00 00 00 00 00 00 00 00 00 00 00 00 00 00 00 00 00 00 00 00 00 00 00 00 00 00 00 00 00 00 00 00 00 00 00 00 00 00 00 00 00 00 00 00 D0 00 00 00 1B D8 44 78 6F FB 2D 35 6A F5 
[10:27:49.078] F8 F8 C0 F0 08 00 00 00 00 97 00 14 01 14 17 1C 2A 00 00 C0 A7 00 00 01 87 06 2B 05 09 95 00 00 00 00 00 00 00 00 00 00 00 00 00 00 00 00 00 00 00 00 00 02 00 2D 01 33 01 3F 06 04 00 00 00 00 00 00 00 00 00 00 00 00 00 00 00 00 00 00 00 00 00 00 00 00 00 00 00 00 0E 00 00 00 00 00 00 00 00 00 00 00 00 00 00 00 00 00 00 00 00 00 00 00 00 00 00 00 00 00 00 00 00 00 00 00 00 00 00 00 00 00 00 00 00 00 00 00 00 00 00 00 00 00 00 00 00 00 00 00 00 00 D4 00 00 00 4D D8 44 78 6F FB 2D 35 51 5A 
[10:27:49.581] F8 F8 C0 F0 08 00 00 00 00 97 00 14 01 14 17 1C 2B 00 00 C0 A7 00 00 01 87 06 2B 05 09 95 00 00 00 00 00 00 00 00 00 00 00 00 00 00 00 00 00 00 00 00 00 02 00 2D 01 33 01 3F 06 04 00 00 00 00 00 00 00 00 00 00 00 00 00 00 00 00 00 00 00 00 00 00 00 00 00 00 00 00 0E 00 00 00 00 00 00 00 00 00 00 00 00 00 00 00 00 00 00 00 00 00 00 00 00 00 00 00 00 00 00 00 00 00 00 00 00 00 00 00 00 00 00 00 00 00 00 00 00 00 00 00 00 00 00 00 00 00 00 00 00 00 D8 00 00 00 7F D8 44 78 6F FB 2D 35 97 DD 
[10:27:50.077] F8 F8 C0 F0 08 00 00 00 00 97 00 14 01 14 17 1C 2B 00 00 C0 A7 00 00 01 87 06 2B 05 09 95 00 00 00 00 00 00 00 00 00 00 00 00 00 00 00 00 00 00 00 00 00 03 00 2D 01 33 01 3F 06 04 00 00 00 00 00 00 00 00 00 00 00 00 00 00 00 00 00 00 00 00 00 00 00 00 00 00 00 00 0E 00 00 00 00 00 00 00 00 00 00 00 00 00 00 00 00 00 00 00 00 00 00 00 00 00 00 00 00 00 00 00 00 00 00 00 00 00 00 00 00 00 00 00 00 00 00 00 00 00 00 00 00 00 00 00 00 00 00 00 00 00 DC 00 00 00 B1 D8 44 78 6F FB 2D 35 C6 8E 
[10:27:51.076] F8 F8 C0 F0 08 00 00 00 00 97 00 14 01 14 17 1C 2C 00 00 C0 A7 00 00 01 87 06 2B 05 09 95 00 00 00 00 00 00 00 00 00 00 00 00 00 00 00 00 00 00 00 00 00 04 00 2D 01 33 01 3F 06 04 00 00 00 00 00 00 00 00 00 00 00 00 00 00 00 00 00 00 00 00 00 00 00 00 00 00 00 00 0E 00 00 00 00 00 00 00 00 00 00 00 00 00 00 00 00 00 00 00 00 00 00 00 00 00 00 00 00 00 00 00 00 00 00 00 00 00 00 00 00 00 00 00 00 00 00 00 00 00 00 00 00 00 00 00 00 00 00 00 00 00 E4 00 00 00 15 D9 44 78 6F FB 2D 35 03 34 
[10:27:52.085] F8 F8 C0 F0 08 00 00 00 00 97 00 14 01 14 17 1C 2D 00 00 C0 A7 00 00 01 87 06 2B 05 09 95 00 00 00 00 00 00 00 00 00 00 00 00 00 00 00 00 00 00 00 00 00 03 00 2D 01 33 01 3F 06 04 00 00 00 00 00 00 00 00 00 00 00 00 00 00 00 00 00 00 00 00 00 00 00 00 00 00 00 00 0E 00 00 00 00 00 00 00 00 00 00 00 00 00 00 00 00 00 00 00 00 00 00 00 00 00 00 00 00 00 00 00 00 00 00 00 00 00 00 00 00 00 00 00 00 00 00 00 00 00 00 00 00 00 00 00 00 00 00 00 00 00 EC 00 00 00 79 D9 44 78 6F FB 2D 35 7D B8 
[10:27:52.600] F8 F8 C0 F0 08 00 00 00 00 97 00 14 01 14 17 1C 2E 00 00 C0 A7 00 00 01 87 06 2B 05 09 95 00 00 00 00 00 00 00 00 00 00 00 00 00 00 00 00 00 00 00 00 00 01 00 2C 01 33 01 3F 06 04 00 00 00 00 00 00 00 00 00 00 00 00 00 00 00 00 00 00 00 00 00 00 00 00 00 00 00 00 0E 00 00 00 00 00 00 00 00 00 00 00 00 00 00 00 00 00 00 00 00 00 00 00 00 00 00 00 00 00 00 00 00 00 00 00 00 00 00 00 00 00 00 00 00 00 00 00 00 00 00 00 00 00 00 00 00 00 00 00 00 00 01 00 00 00 AD D9 44 78 6F FB 2D 35 4B 93 
[10:27:53.104] F8 F8 C0 F0 08 00 00 00 00 97 00 14 01 14 17 1C 2F 00 00 C0 A7 00 00 01 87 06 2B 05 09 95 00 00 00 00 00 00 00 00 00 00 00 00 00 00 00 00 00 00 00 00 00 01 00 2D 01 33 01 3F 06 04 00 00 00 00 00 00 00 00 00 00 00 00 00 00 00 00 00 00 00 00 00 00 00 00 00 00 00 00 0E 00 00 00 00 00 00 00 00 00 00 00 00 00 00 00 00 00 00 00 00 00 00 00 00 00 00 00 00 00 00 00 00 00 00 00 00 00 00 00 00 00 00 00 00 00 00 00 00 00 00 00 00 00 00 00 00 00 00 00 00 00 05 00 00 00 DF D9 44 78 6F FB 2D 35 E8 89 
[10:27:53.598] F8 F8 C0 F0 08 00 00 00 00 97 00 14 01 14 17 1C 2F 00 00 C0 A7 00 00 01 87 06 2B 05 09 95 00 00 00 00 00 00 00 00 00 00 00 00 00 00 00 00 00 00 00 00 00 00 00 2D 01 33 01 3F 06 04 00 00 00 00 00 00 00 00 00 00 00 00 00 00 00 00 00 00 00 00 00 00 00 00 00 00 00 00 0E 00 00 00 00 00 00 00 00 00 00 00 00 00 00 00 00 00 00 00 00 00 00 00 00 00 00 00 00 00 00 00 00 00 00 00 00 00 00 00 00 00 00 00 00 00 00 00 00 00 00 00 00 00 00 00 00 00 00 00 00 00 09 00 00 00 11 DA 44 78 6F FB 2D 35 93 19 
[10:27:54.103] F8 F8 C0 F0 08 00 00 00 00 97 00 14 01 14 17 1C 30 00 00 C0 A7 00 00 01 87 06 2B 05 09 95 00 00 00 00 00 00 00 00 00 00 00 00 00 00 00 00 00 00 00 00 00 02 00 2D 01 33 01 3F 06 04 00 00 00 00 00 00 00 00 00 00 00 00 00 00 00 00 00 00 00 00 00 00 00 00 00 00 00 00 0E 00 00 00 00 00 00 00 00 00 00 00 00 00 00 00 00 00 00 00 00 00 00 00 00 00 00 00 00 00 00 00 00 00 00 00 00 00 00 00 00 00 00 00 00 00 00 00 00 00 00 00 00 00 00 00 00 00 00 00 00 00 0C 00 00 00 43 DA 44 78 6F FB 2D 35 DD 74 
[10:27:54.605] F8 F8 C0 F0 08 00 00 00 00 97 00 14 01 14 17 1C 30 00 00 C0 A7 00 00 01 87 06 2B 05 09 95 00 00 00 00 00 00 00 00 00 00 00 00 00 00 00 00 00 00 00 00 00 02 00 2D 01 33 01 3F 06 04 00 00 00 00 00 00 00 00 00 00 00 00 00 00 00 00 00 00 00 00 00 00 00 00 00 00 00 00 0E 00 00 00 00 00 00 00 00 00 00 00 00 00 00 00 00 00 00 00 00 00 00 00 00 00 00 00 00 00 00 00 00 00 00 00 00 00 00 00 00 00 00 00 00 00 00 00 00 00 00 00 00 00 00 00 00 00 00 00 00 00 11 00 00 00 75 DA 44 78 6F FB 2D 35 93 90 
[10:27:55.102] F8 F8 C0 F0 08 00 00 00 00 97 00 14 01 14 17 1C 30 00 00 C0 A7 00 00 01 87 06 2B 05 09 95 00 00 00 00 00 00 00 00 00 00 00 00 00 00 00 00 00 00 00 00 00 03 00 2D 01 33 01 3F 06 04 00 00 00 00 00 00 00 00 00 00 00 00 00 00 00 00 00 00 00 00 00 00 00 00 00 00 00 00 0E 00 00 00 00 00 00 00 00 00 00 00 00 00 00 00 00 00 00 00 00 00 00 00 00 00 00 00 00 00 00 00 00 00 00 00 00 00 00 00 00 00 00 00 00 00 00 00 00 00 00 00 00 00 00 00 00 00 00 00 00 00 14 00 00 00 A7 DA 44 78 6F FB 2D 35 B4 EC 
[10:27:55.604] F8 F8 C0 F0 08 00 00 00 00 97 00 14 01 14 17 1C 30 00 00 C0 A7 00 00 01 87 06 2B 05 09 95 00 00 00 00 00 00 00 00 00 00 00 00 00 00 00 00 00 00 00 00 00 02 00 2D 01 33 01 3F 06 04 00 00 00 00 00 00 00 00 00 00 00 00 00 00 00 00 00 00 00 00 00 00 00 00 00 00 00 00 0E 00 00 00 00 00 00 00 00 00 00 00 00 00 00 00 00 00 00 00 00 00 00 00 00 00 00 00 00 00 00 00 00 00 00 00 00 00 00 00 00 00 00 00 00 00 00 00 00 00 00 00 00 00 00 00 00 00 00 00 00 00 19 00 00 00 D9 DA 44 78 6F FB 2D 35 65 1C 
[10:27:56.101] F8 F8 C0 F0 08 00 00 00 00 97 00 14 01 14 17 1C 31 00 00 C0 A7 00 00 01 87 06 2B 05 09 95 00 00 00 00 00 00 00 00 00 00 00 00 00 00 00 00 00 00 00 00 00 02 00 2D 01 33 01 3F 06 04 00 00 00 00 00 00 00 00 00 00 00 00 00 00 00 00 00 00 00 00 00 00 00 00 00 00 00 00 0E 00 00 00 00 00 00 00 00 00 00 00 00 00 00 00 00 00 00 00 00 00 00 00 00 00 00 00 00 00 00 00 00 00 00 00 00 00 00 00 00 00 00 00 00 00 00 00 00 00 00 00 00 00 00 00 00 00 00 00 00 00 1D 00 00 00 0B DB 44 78 6F FB 2D 35 53 48 
[10:27:56.603] F8 F8 C0 F0 08 00 00 00 00 97 00 14 01 14 17 1C 31 00 00 C0 A7 00 00 01 87 06 2B 05 09 95 00 00 00 00 00 00 00 00 00 00 00 00 00 00 00 00 00 00 00 00 00 01 00 2D 01 33 01 3F 06 04 00 00 00 00 00 00 00 00 00 00 00 00 00 00 00 00 00 00 00 00 00 00 00 00 00 00 00 00 0E 00 00 00 00 00 00 00 00 00 00 00 00 00 00 00 00 00 00 00 00 00 00 00 00 00 00 00 00 00 00 00 00 00 00 00 00 00 00 00 00 00 00 00 00 00 00 00 00 00 00 00 00 00 00 00 00 00 00 00 00 00 21 00 00 00 3D DB 44 78 6F FB 2D 35 A6 8D 
[10:27:57.100] F8 F8 C0 F0 08 00 00 00 00 97 00 14 01 14 17 1C 32 00 00 C0 A7 00 00 01 87 06 2B 05 09 95 00 00 00 00 00 00 00 00 00 00 00 00 00 00 00 00 00 00 00 00 00 01 00 2D 01 33 01 3F 06 04 00 00 00 00 00 00 00 00 00 00 00 00 00 00 00 00 00 00 00 00 00 00 00 00 00 00 00 00 0E 00 00 00 00 00 00 00 00 00 00 00 00 00 00 00 00 00 00 00 00 00 00 00 00 00 00 00 00 00 00 00 00 00 00 00 00 00 00 00 00 00 00 00 00 00 00 00 00 00 00 00 00 00 00 00 00 00 00 00 00 00 24 00 00 00 6F DB 44 78 6F FB 2D 35 85 2E 
[10:27:57.595] F8 F8 C0 F0 08 00 00 00 00 97 00 14 01 14 17 1C 33 00 00 C0 A7 00 00 01 87 06 2B 05 09 95 00 00 00 00 00 00 00 00 00 00 00 00 00 00 00 00 00 00 00 00 00 01 00 2D 01 33 01 3F 06 04 00 00 00 00 00 00 00 00 00 00 00 00 00 00 00 00 00 00 00 00 00 00 00 00 00 00 00 00 0E 00 00 00 00 00 00 00 00 00 00 00 00 00 00 00 00 00 00 00 00 00 00 00 00 00 00 00 00 00 00 00 00 00 00 00 00 00 00 00 00 00 00 00 00 00 00 00 00 00 00 00 00 00 00 00 00 00 00 00 00 00 28 00 00 00 A1 DB 44 78 6F FB 2D 35 79 F5 
[10:27:58.099] F8 F8 C0 F0 08 00 00 00 00 97 00 14 01 14 17 1C 33 00 00 C0 A7 00 00 01 87 06 2B 05 09 95 00 00 00 00 00 00 00 00 00 00 00 00 00 00 00 00 00 00 00 00 00 02 00 2D 01 33 01 3F 06 04 00 00 00 00 00 00 00 00 00 00 00 00 00 00 00 00 00 00 00 00 00 00 00 00 00 00 00 00 0E 00 00 00 00 00 00 00 00 00 00 00 00 00 00 00 00 00 00 00 00 00 00 00 00 00 00 00 00 00 00 00 00 00 00 00 00 00 00 00 00 00 00 00 00 00 00 00 00 00 00 00 00 00 00 00 00 00 00 00 00 00 2C 00 00 00 D3 DB 44 78 6F FB 2D 35 69 8B 
[10:27:58.603] F8 F8 C0 F0 08 00 00 00 00 97 00 14 01 14 17 1C 34 00 00 C0 A7 00 00 01 87 06 2B 05 09 95 00 00 00 00 00 00 00 00 00 00 00 00 00 00 00 00 00 00 00 00 00 02 00 2D 01 33 01 3F 06 04 00 00 00 00 00 00 00 00 00 00 00 00 00 00 00 00 00 00 00 00 00 00 00 00 00 00 00 00 0E 00 00 00 00 00 00 00 00 00 00 00 00 00 00 00 00 00 00 00 00 00 00 00 00 00 00 00 00 00 00 00 00 00 00 00 00 00 00 00 00 00 00 00 00 00 00 00 00 00 00 00 00 00 00 00 00 00 00 00 00 00 31 00 00 00 05 DC 44 78 6F FB 2D 35 3B 9C 
[10:27:59.098] F8 F8 C0 F0 08 00 00 00 00 97 00 14 01 14 17 1C 34 00 00 C0 A7 00 00 01 87 06 2B 05 09 95 00 00 00 00 00 00 00 00 00 00 00 00 00 00 00 00 00 00 00 00 00 02 00 2D 01 33 01 3F 06 04 00 00 00 00 00 00 00 00 00 00 00 00 00 00 00 00 00 00 00 00 00 00 00 00 00 00 00 00 0E 00 00 00 00 00 00 00 00 00 00 00 00 00 00 00 00 00 00 00 00 00 00 00 00 00 00 00 00 00 00 00 00 00 00 00 00 00 00 00 00 00 00 00 00 00 00 00 00 00 00 00 00 00 00 00 00 00 00 00 00 00 35 00 00 00 37 DC 44 78 6F FB 2D 35 95 58 
[10:27:59.602] F8 F8 C0 F0 08 00 00 00 00 97 00 14 01 14 17 1C 35 00 00 C0 A7 00 00 01 87 06 2B 05 09 95 00 00 00 00 00 00 00 00 00 00 00 00 00 00 00 00 00 00 00 00 00 02 00 2D 01 33 01 3F 06 04 00 00 00 00 00 00 00 00 00 00 00 00 00 00 00 00 00 00 00 00 00 00 00 00 00 00 00 00 0E 00 00 00 00 00 00 00 00 00 00 00 00 00 00 00 00 00 00 00 00 00 00 00 00 00 00 00 00 00 00 00 00 00 00 00 00 00 00 00 00 00 00 00 00 00 00 00 00 00 00 00 00 00 00 00 00 00 00 00 00 00 38 00 00 00 69 DC 44 78 6F FB 2D 35 29 40 
[10:28:00.097] F8 F8 C0 F0 08 00 00 00 00 97 00 14 01 14 17 1C 35 00 00 C0 A7 00 00 01 87 06 2B 05 09 95 00 00 00 00 00 00 00 00 00 00 00 00 00 00 00 00 00 00 00 00 00 02 00 2D 01 33 01 3F 06 04 00 00 00 00 00 00 00 00 00 00 00 00 00 00 00 00 00 00 00 00 00 00 00 00 00 00 00 00 0E 00 00 00 00 00 00 00 00 00 00 00 00 00 00 00 00 00 00 00 00 00 00 00 00 00 00 00 00 00 00 00 00 00 00 00 00 00 00 00 00 00 00 00 00 00 00 00 00 00 00 00 00 00 00 00 00 00 00 00 00 00 3C 00 00 00 9B DC 44 78 6F FB 2D 35 D6 8F 
[10:28:00.601] F8 F8 C0 F0 08 00 00 00 00 97 00 14 01 14 17 1C 36 00 00 C0 A7 00 00 01 87 06 2B 05 09 95 00 00 00 00 00 00 00 00 00 00 00 00 00 00 00 00 00 00 00 00 00 03 00 2D 01 33 01 3F 06 04 00 00 00 00 00 00 00 00 00 00 00 00 00 00 00 00 00 00 00 00 00 00 00 00 00 00 00 00 0E 00 00 00 00 00 00 00 00 00 00 00 00 00 00 00 00 00 00 00 00 00 00 00 00 00 00 00 00 00 00 00 00 00 00 00 00 00 00 00 00 00 00 00 00 00 00 00 00 00 00 00 00 00 00 00 00 00 00 00 00 00 41 00 00 00 CD DC 44 78 6F FB 2D 35 45 77 
[10:28:01.095] F8 F8 C0 F0 08 00 00 00 00 97 00 14 01 14 17 1C 36 00 00 C0 A7 00 00 01 87 06 2B 05 09 95 00 00 00 00 00 00 00 00 00 00 00 00 00 00 00 00 00 00 00 00 00 04 00 2D 01 33 01 3F 06 04 00 00 00 00 00 00 00 00 00 00 00 00 00 00 00 00 00 00 00 00 00 00 00 00 00 00 00 00 0E 00 00 00 00 00 00 00 00 00 00 00 00 00 00 00 00 00 00 00 00 00 00 00 00 00 00 00 00 00 00 00 00 00 00 00 00 00 00 00 00 00 00 00 00 00 00 00 00 00 00 00 00 00 00 00 00 00 00 00 00 00 44 00 00 00 FF DC 44 78 6F FB 2D 35 87 E3 
[10:28:01.599] F8 F8 C0 F0 08 00 00 00 00 97 00 14 01 14 17 1C 37 00 00 C0 A7 00 00 01 87 06 2B 05 09 95 00 00 00 00 00 00 00 00 00 00 00 00 00 00 00 00 00 00 00 00 00 04 00 2C 01 33 01 3F 06 04 00 00 00 00 00 00 00 00 00 00 00 00 00 00 00 00 00 00 00 00 00 00 00 00 00 00 00 00 0E 00 00 00 00 00 00 00 00 00 00 00 00 00 00 00 00 00 00 00 00 00 00 00 00 00 00 00 00 00 00 00 00 00 00 00 00 00 00 00 00 00 00 00 00 00 00 00 00 00 00 00 00 00 00 00 00 00 00 00 00 00 48 00 00 00 31 DD 44 78 6F FB 2D 35 07 F0 
[10:28:02.103] F8 F8 C0 F0 08 00 00 00 00 97 00 14 01 14 17 1C 38 00 00 C0 A7 00 00 01 87 06 2B 05 09 95 00 00 00 00 00 00 00 00 00 00 00 00 00 00 00 00 00 00 00 00 00 02 00 2C 01 33 01 3F 06 04 00 00 00 00 00 00 00 00 00 00 00 00 00 00 00 00 00 00 00 00 00 00 00 00 00 00 00 00 0E 00 00 00 00 00 00 00 00 00 00 00 00 00 00 00 00 00 00 00 00 00 00 00 00 00 00 00 00 00 00 00 00 00 00 00 00 00 00 00 00 00 00 00 00 00 00 00 00 00 00 00 00 00 00 00 00 00 00 00 00 00 4D 00 00 00 63 DD 44 78 6F FB 2D 35 9B 5E 
[10:28:02.598] F8 F8 C0 F0 08 00 00 00 00 97 00 14 01 14 17 1C 38 00 00 C0 A7 00 00 01 87 06 2B 05 09 95 00 00 00 00 00 00 00 00 00 00 00 00 00 00 00 00 00 00 00 00 00 02 00 2C 01 33 01 3F 06 04 00 00 00 00 00 00 00 00 00 00 00 00 00 00 00 00 00 00 00 00 00 00 00 00 00 00 00 00 0E 00 00 00 00 00 00 00 00 00 00 00 00 00 00 00 00 00 00 00 00 00 00 00 00 00 00 00 00 00 00 00 00 00 00 00 00 00 00 00 00 00 00 00 00 00 00 00 00 00 00 00 00 00 00 00 00 00 00 00 00 00 51 00 00 00 95 DD 44 78 6F FB 2D 35 F1 B2 
[10:28:03.100] F8 F8 C0 F0 08 00 00 00 00 97 00 14 01 14 17 1C 39 00 00 C0 A7 00 00 01 87 06 2B 05 09 95 00 00 00 00 00 00 00 00 00 00 00 00 00 00 00 00 00 00 00 00 00 03 00 2D 01 33 01 3F 06 04 00 00 00 00 00 00 00 00 00 00 00 00 00 00 00 00 00 00 00 00 00 00 00 00 00 00 00 00 0E 00 00 00 00 00 00 00 00 00 00 00 00 00 00 00 00 00 00 00 00 00 00 00 00 00 00 00 00 00 00 00 00 00 00 00 00 00 00 00 00 00 00 00 00 00 00 00 00 00 00 00 00 00 00 00 00 00 00 00 00 00 54 00 00 00 C7 DD 44 78 6F FB 2D 35 8A 1B 
[10:28:03.596] F8 F8 C0 F0 08 00 00 00 00 97 00 14 01 14 17 1C 39 00 00 C0 A7 00 00 01 87 06 2B 05 09 95 00 00 00 00 00 00 00 00 00 00 00 00 00 00 00 00 00 00 00 00 00 04 00 2D 01 33 01 3F 06 04 00 00 00 00 00 00 00 00 00 00 00 00 00 00 00 00 00 00 00 00 00 00 00 00 00 00 00 00 0E 00 00 00 00 00 00 00 00 00 00 00 00 00 00 00 00 00 00 00 00 00 00 00 00 00 00 00 00 00 00 00 00 00 00 00 00 00 00 00 00 00 00 00 00 00 00 00 00 00 00 00 00 00 00 00 00 00 00 00 00 00 58 00 00 00 F9 DD 44 78 6F FB 2D 35 22 86 
[10:28:04.121] F8 F8 C0 F0 08 00 00 00 00 97 00 14 01 14 17 1C 39 00 00 C0 A7 00 00 01 87 06 2B 05 09 95 00 00 00 00 00 00 00 00 00 00 00 00 00 00 00 00 00 00 00 00 00 04 00 2D 01 33 01 3F 06 04 00 00 00 00 00 00 00 00 00 00 00 00 00 00 00 00 00 00 00 00 00 00 00 00 00 00 00 00 0E 00 00 00 00 00 00 00 00 00 00 00 00 00 00 00 00 00 00 00 00 00 00 00 00 00 00 00 00 00 00 00 00 00 00 00 00 00 00 00 00 00 00 00 00 00 00 00 00 00 00 00 00 00 00 00 00 00 00 00 00 00 5D 00 00 00 2D DE 44 78 6F FB 2D 35 89 69 
[10:28:04.623] F8 F8 C0 F0 08 00 00 00 00 97 00 14 01 14 17 1C 39 00 00 C0 A7 00 00 01 87 06 2B 05 09 95 00 00 00 00 00 00 00 00 00 00 00 00 00 00 00 00 00 00 00 00 00 04 00 2C 01 33 01 3F 06 04 00 00 00 00 00 00 00 00 00 00 00 00 00 00 00 00 00 00 00 00 00 00 00 00 00 00 00 00 0E 00 00 00 00 00 00 00 00 00 00 00 00 00 00 00 00 00 00 00 00 00 00 00 00 00 00 00 00 00 00 00 00 00 00 00 00 00 00 00 00 00 00 00 00 00 00 00 00 00 00 00 00 00 00 00 00 00 00 00 00 00 61 00 00 00 5F DE 44 78 6F FB 2D 35 B2 69 
[10:28:05.119] F8 F8 C0 F0 08 00 00 00 00 97 00 14 01 14 17 1C 3A 00 00 C0 A7 00 00 01 87 06 2B 05 09 95 00 00 00 00 00 00 00 00 00 00 00 00 00 00 00 00 00 00 00 00 00 04 00 2D 01 33 01 3F 06 04 00 00 00 00 00 00 00 00 00 00 00 00 00 00 00 00 00 00 00 00 00 00 00 00 00 00 00 00 0E 00 00 00 00 00 00 00 00 00 00 00 00 00 00 00 00 00 00 00 00 00 00 00 00 00 00 00 00 00 00 00 00 00 00 00 00 00 00 00 00 00 00 00 00 00 00 00 00 00 00 00 00 00 00 00 00 00 00 00 00 00 65 00 00 00 91 DE 44 78 6F FB 2D 35 7B 68 
[10:28:05.614] F8 F8 C0 F0 08 00 00 00 00 97 00 14 01 14 17 1C 3A 00 00 C0 A7 00 00 01 87 06 2B 05 09 95 00 00 00 00 00 00 00 00 00 00 00 00 00 00 00 00 00 00 00 00 00 02 00 2D 01 33 01 3F 06 04 00 00 00 00 00 00 00 00 00 00 00 00 00 00 00 00 00 00 00 00 00 00 00 00 00 00 00 00 0E 00 00 00 00 00 00 00 00 00 00 00 00 00 00 00 00 00 00 00 00 00 00 00 00 00 00 00 00 00 00 00 00 00 00 00 00 00 00 00 00 00 00 00 00 00 00 00 00 00 00 00 00 00 00 00 00 00 00 00 00 00 69 00 00 00 C3 DE 44 78 6F FB 2D 35 19 A2 
[10:28:06.118] F8 F8 C0 F0 08 00 00 00 00 97 00 14 01 14 17 1C 3B 00 00 C0 A7 00 00 01 87 06 2B 05 09 95 00 00 00 00 00 00 00 00 00 00 00 00 00 00 00 00 00 00 00 00 00 04 00 2D 01 33 01 3F 06 04 00 00 00 00 00 00 00 00 00 00 00 00 00 00 00 00 00 00 00 00 00 00 00 00 00 00 00 00 0E 00 00 00 00 00 00 00 00 00 00 00 00 00 00 00 00 00 00 00 00 00 00 00 00 00 00 00 00 00 00 00 00 00 00 00 00 00 00 00 00 00 00 00 00 00 00 00 00 00 00 00 00 00 00 00 00 00 00 00 00 00 6D 00 00 00 F5 DE 44 78 6F FB 2D 35 C6 A9 
[10:28:06.623] F8 F8 C0 F0 08 00 00 00 00 97 00 14 01 14 17 1D 00 00 00 C0 A7 00 00 01 87 06 2B 05 09 95 00 00 00 00 00 00 00 00 00 00 00 00 00 00 00 00 00 00 00 00 00 05 00 2D 01 33 01 3F 06 04 00 00 00 00 00 00 00 00 00 00 00 00 00 00 00 00 00 00 00 00 00 00 00 00 00 00 00 00 0E 00 00 00 00 00 00 00 00 00 00 00 00 00 00 00 00 00 00 00 00 00 00 00 00 00 00 00 00 00 00 00 00 00 00 00 00 00 00 00 00 00 00 00 00 00 00 00 00 00 00 00 00 00 00 00 00 00 00 00 00 00 71 00 00 00 27 DF 44 78 6F FB 2D 35 3C 23 
[10:28:07.117] F8 F8 C0 F0 08 00 00 00 00 97 00 14 01 14 17 1D 00 00 00 C0 A7 00 00 01 87 06 2B 05 09 95 00 00 00 00 00 00 00 00 00 00 00 00 00 00 00 00 00 00 00 00 00 05 00 2D 01 33 01 3F 06 04 00 00 00 00 00 00 00 00 00 00 00 00 00 00 00 00 00 00 00 00 00 00 00 00 00 00 00 00 0E 00 00 00 00 00 00 00 00 00 00 00 00 00 00 00 00 00 00 00 00 00 00 00 00 00 00 00 00 00 00 00 00 00 00 00 00 00 00 00 00 00 00 00 00 00 00 00 00 00 00 00 00 00 00 00 00 00 00 00 00 00 75 00 00 00 59 DF 44 78 6F FB 2D 35 F5 00 
[10:28:07.622] F8 F8 C0 F0 08 00 00 00 00 97 00 14 01 14 17 1D 01 00 00 C0 A7 00 00 01 87 06 2B 05 09 95 00 00 00 00 00 00 00 00 00 00 00 00 00 00 00 00 00 00 00 00 00 03 00 2D 01 33 01 3F 06 04 00 00 00 00 00 00 00 00 00 00 00 00 00 00 00 00 00 00 00 00 00 00 00 00 00 00 00 00 0E 00 00 00 00 00 00 00 00 00 00 00 00 00 00 00 00 00 00 00 00 00 00 00 00 00 00 00 00 00 00 00 00 00 00 00 00 00 00 00 00 00 00 00 00 00 00 00 00 00 00 00 00 00 00 00 00 00 00 00 00 00 79 00 00 00 8B DF 44 78 6F FB 2D 35 D6 6F 
[10:28:08.124] F8 F8 C0 F0 08 00 00 00 00 97 00 14 01 14 17 1D 01 00 00 C0 A7 00 00 01 87 06 2B 05 09 95 00 00 00 00 00 00 00 00 00 00 00 00 00 00 00 00 00 00 00 00 00 01 00 2D 01 33 01 3F 06 04 00 00 00 00 00 00 00 00 00 00 00 00 00 00 00 00 00 00 00 00 00 00 00 00 00 00 00 00 0E 00 00 00 00 00 00 00 00 00 00 00 00 00 00 00 00 00 00 00 00 00 00 00 00 00 00 00 00 00 00 00 00 00 00 00 00 00 00 00 00 00 00 00 00 00 00 00 00 00 00 00 00 00 00 00 00 00 00 00 00 00 7D 00 00 00 BD DF 44 78 6F FB 2D 35 BE 23 
[10:28:08.620] F8 F8 C0 F0 08 00 00 00 00 97 00 14 01 14 17 1D 02 00 00 C0 A7 00 00 01 87 06 2B 05 09 95 00 00 00 00 00 00 00 00 00 00 00 00 00 00 00 00 00 00 00 00 00 03 00 2D 01 33 01 3F 06 04 00 00 00 00 00 00 00 00 00 00 00 00 00 00 00 00 00 00 00 00 00 00 00 00 00 00 00 00 0E 00 00 00 00 00 00 00 00 00 00 00 00 00 00 00 00 00 00 00 00 00 00 00 00 00 00 00 00 00 00 00 00 00 00 00 00 00 00 00 00 00 00 00 00 00 00 00 00 00 00 00 00 00 00 00 00 00 00 00 00 00 81 00 00 00 EF DF 44 78 6F FB 2D 35 FA 31 
[10:28:09.123] F8 F8 C0 F0 08 00 00 00 00 97 00 14 01 14 17 1D 02 00 00 C0 A7 00 00 01 87 06 2B 05 09 95 00 00 00 00 00 00 00 00 00 00 00 00 00 00 00 00 00 00 00 00 00 03 00 2D 01 33 01 3F 06 04 00 00 00 00 00 00 00 00 00 00 00 00 00 00 00 00 00 00 00 00 00 00 00 00 00 00 00 00 0E 00 00 00 00 00 00 00 00 00 00 00 00 00 00 00 00 00 00 00 00 00 00 00 00 00 00 00 00 00 00 00 00 00 00 00 00 00 00 00 00 00 00 00 00 00 00 00 00 00 00 00 00 00 00 00 00 00 00 00 00 00 85 00 00 00 21 E0 44 78 6F FB 2D 35 0A 7A 
[10:28:09.619] F8 F8 C0 F0 08 00 00 00 00 97 00 14 01 14 17 1D 03 00 00 C0 A7 00 00 01 87 06 2B 05 09 95 00 00 00 00 00 00 00 00 00 00 00 00 00 00 00 00 00 00 00 00 00 04 00 2D 01 33 01 3F 06 04 00 00 00 00 00 00 00 00 00 00 00 00 00 00 00 00 00 00 00 00 00 00 00 00 00 00 00 00 0E 00 00 00 00 00 00 00 00 00 00 00 00 00 00 00 00 00 00 00 00 00 00 00 00 00 00 00 00 00 00 00 00 00 00 00 00 00 00 00 00 00 00 00 00 00 00 00 00 00 00 00 00 00 00 00 00 00 00 00 00 00 89 00 00 00 53 E0 44 78 6F FB 2D 35 05 58 
[10:28:10.123] F8 F8 C0 F0 08 00 00 00 00 97 00 14 01 14 17 1D 03 00 00 C0 A7 00 00 01 87 06 2B 05 09 95 00 00 00 00 00 00 00 00 00 00 00 00 00 00 00 00 00 00 00 00 00 04 00 2D 01 33 01 3F 06 04 00 00 00 00 00 00 00 00 00 00 00 00 00 00 00 00 00 00 00 00 00 00 00 00 00 00 00 00 0E 00 00 00 00 00 00 00 00 00 00 00 00 00 00 00 00 00 00 00 00 00 00 00 00 00 00 00 00 00 00 00 00 00 00 00 00 00 00 00 00 00 00 00 00 00 00 00 00 00 00 00 00 00 00 00 00 00 00 00 00 00 8D 00 00 00 85 E0 44 78 6F FB 2D 35 FF E3 
[10:28:10.618] F8 F8 C0 F0 08 00 00 00 00 97 00 14 01 14 17 1D 04 00 00 C0 A7 00 00 01 87 06 2B 05 09 95 00 00 00 00 00 00 00 00 00 00 00 00 00 00 00 00 00 00 00 00 00 04 00 2D 01 33 01 3F 06 04 00 00 00 00 00 00 00 00 00 00 00 00 00 00 00 00 00 00 00 00 00 00 00 00 00 00 00 00 0E 00 00 00 00 00 00 00 00 00 00 00 00 00 00 00 00 00 00 00 00 00 00 00 00 00 00 00 00 00 00 00 00 00 00 00 00 00 00 00 00 00 00 00 00 00 00 00 00 00 00 00 00 00 00 00 00 00 00 00 00 00 91 00 