
[10:27:01.503] F8 F8 C0 F0 08 00 00 00 00 97 00 14 01 14 17 1B 36 00 00 C0 87 00 00 01 88 06 2B 05 09 95 00 00 00 00 00 00 00 00 00 00 00 00 00 00 00 00 00 00 00 00 00 95 8C 30 01 25 01 32 06 02 00 00 00 00 00 00 00 00 00 00 00 00 00 00 00 00 00 00 00 00 00 00 00 00 00 00 00 0C 00 00 00 00 00 00 00 00 00 00 00 00 00 00 00 00 00 00 00 00 00 00 00 00 00 00 00 00 00 00 00 00 00 00 00 00 00 00 00 00 00 00 00 00 00 00 00 00 00 00 00 00 00 00 00 00 00 00 00 00 00 00 48 00 00 00 B7 C5 44 78 6F FB 2D 35 7F 11 
[10:27:02.005] F8 F8 C0 F0 08 00 00 00 00 97 00 14 01 14 17 1B 37 00 00 C0 87 00 00 01 88 06 2B 05 09 95 00 00 00 00 00 00 00 00 00 00 00 00 00 00 00 00 00 00 00 00 00 96 8C 30 01 25 01 32 06 02 00 00 00 00 00 00 00 00 00 00 00 00 00 00 00 00 00 00 00 00 00 00 00 00 00 00 00 0C 00 00 00 00 00 00 00 00 00 00 00 00 00 00 00 00 00 00 00 00 00 00 00 00 00 00 00 00 00 00 00 00 00 00 00 00 00 00 00 00 00 00 00 00 00 00 00 00 00 00 00 00 00 00 00 00 00 00 00 00 00 00 4C 00 00 00 E9 C5 44 78 6F FB 2D 35 70 5D 

[10:27:03.005] F8 F8 C0 F0 08 00 00 00 00 97 00 14 01 14 17 1B 38 00 00 C0 87 00 00 01 88 06 2B 05 09 95 00 00 00 00 00 00 00 00 00 00 00 00 00 00 00 00 00 00 00 00 00 9D 8C 30 01 25 01 32 06 02 00 00 00 00 00 00 00 00 00 00 00 00 00 00 00 00 00 00 00 00 00 00 00 00 00 00 00 0C 00 00 00 00 00 00 00 00 00 00 00 00 00 00 00 00 00 00 00 00 00 00 00 00 00 00 00 00 00 00 00 00 00 00 00 00 00 00 00 00 00 00 00 00 00 00 00 00 00 00 00 00 00 00 00 00 00 00 00 00 00 00 54 00 00 00 4D C6 44 78 6F FB 2D 35 2D 2E 
[10:27:03.501] F8 F8 C0 F0 08 00 00 00 00 97 00 14 01 14 17 1B 38 00 00 C0 87 00 00 01 88 06 2B 05 09 95 00 00 00 00 00 00 00 00 00 00 00 00 00 00 00 00 00 00 00 00 00 9D 8C 30 01 25 01 32 06 02 00 00 00 00 00 00 00 00 00 00 00 00 00 00 00 00 00 00 00 00 00 00 00 00 00 00 00 0C 00 00 00 00 00 00 00 00 00 00 00 00 00 00 00 00 00 00 00 00 00 00 00 00 00 00 00 00 00 00 00 00 00 00 00 00 00 00 00 00 00 00 00 00 00 00 00 00 00 00 00 00 00 00 00 00 00 00 00 00 00 00 58 00 00 00 7F C6 44 78 6F FB 2D 35 2B F1 
[10:27:04.003] F8 F8 C0 F0 08 00 00 00 00 97 00 14 01 14 17 1B 39 00 00 C0 87 00 00 01 88 06 2B 05 09 95 00 00 00 00 00 00 00 00 00 00 00 00 00 00 00 00 00 00 00 00 00 9F 8C 30 01 25 01 32 06 02 00 00 00 00 00 00 00 00 00 00 00 00 00 00 00 00 00 00 00 00 00 00 00 00 00 00 00 0C 00 00 00 00 00 00 00 00 00 00 00 00 00 00 00 00 00 00 00 00 00 00 00 00 00 00 00 00 00 00 00 00 00 00 00 00 00 00 00 00 00 00 00 00 00 00 00 00 00 00 00 00 00 00 00 00 00 00 00 00 00 00 5C 00 00 00 B1 C6 44 78 6F FB 2D 35 D4 B6 

[10:27:04.995] F8 F8 C0 F0 08 00 00 00 00 97 00 14 01 14 17 1B 3A 00 00 C0 87 00 00 01 88 06 2B 05 09 95 00 00 00 00 00 00 00 00 00 00 00 00 00 00 00 00 00 00 00 00 00 9C 8C 30 01 25 01 32 06 02 00 00 00 00 00 00 00 00 00 00 00 00 00 00 00 00 00 00 00 00 00 00 00 00 00 00 00 0C 00 00 00 00 00 00 00 00 00 00 00 00 00 00 00 00 00 00 00 00 00 00 00 00 00 00 00 00 00 00 00 00 00 00 00 00 00 00 00 00 00 00 00 00 00 00 00 00 00 00 00 00 00 00 00 00 00 00 00 00 00 00 64 00 00 00 15 C7 44 78 6F FB 2D 35 47 60 
[10:27:05.499] F8 F8 C0 F0 08 00 00 00 00 97 00 14 01 14 17 1B 3B 00 00 C0 87 00 00 01 88 06 2B 05 09 95 00 00 00 00 00 00 00 00 00 00 00 00 00 00 00 00 00 00 00 00 00 99 8C 30 01 25 01 32 06 02 00 00 00 00 00 00 00 00 00 00 00 00 00 00 00 00 00 00 00 00 00 00 00 00 00 00 00 0C 00 00 00 00 00 00 00 00 00 00 00 00 00 00 00 00 00 00 00 00 00 00 00 00 00 00 00 00 00 00 00 00 00 00 00 00 00 00 00 00 00 00 00 00 00 00 00 00 00 00 00 00 00 00 00 00 00 00 00 00 00 00 68 00 00 00 47 C7 44 78 6F FB 2D 35 8B BE 

[10:27:07.023] F8 F8 C0 F0 08 00 00 00 00 97 00 14 01 14 17 1C 00 00 00 C0 87 00 00 01 88 06 2B 05 09 95 00 00 00 00 00 00 00 00 00 00 00 00 00 00 00 00 00 00 00 00 00 98 8C 30 01 25 01 32 06 02 00 00 00 00 00 00 00 00 00 00 00 00 00 00 00 00 00 00 00 00 00 00 00 00 00 00 00 0C 00 00 00 00 00 00 00 00 00 00 00 00 00 00 00 00 00 00 00 00 00 00 00 00 00 00 00 00 00 00 00 00 00 00 00 00 00 00 00 00 00 00 00 00 00 00 00 00 00 00 00 00 00 00 00 00 00 00 00 00 00 00 74 00 00 00 DF C7 44 78 6F FB 2D 35 B2 B3 
[10:27:07.518] F8 F8 C0 F0 08 00 00 00 00 97 00 14 01 14 17 1C 01 00 00 C0 87 00 00 01 88 06 2B 05 09 95 00 00 00 00 00 00 00 00 00 00 00 00 00 00 00 00 00 00 00 00 00 98 8C 30 01 25 01 32 06 02 00 00 00 00 00 00 00 00 00 00 00 00 00 00 00 00 00 00 00 00 00 00 00 00 00 00 00 0C 00 00 00 00 00 00 00 00 00 00 00 00 00 00 00 00 00 00 00 00 00 00 00 00 00 00 00 00 00 00 00 00 00 00 00 00 00 00 00 00 00 00 00 00 00 00 00 00 00 00 00 00 00 00 00 00 00 00 00 00 00 00 78 00 00 00 11 C8 44 78 6F FB 2D 35 A7 E2 
V2[10:27:08.022] F8 F8 C0 F0 08 00 00 00 00 97 00 14 01 14 17 1C 01 00 00 C0 87 00 00 01 88 06 2B 05 09 95 00 00 00 00 00 00 00 00 00 00 00 00 00 00 00 00 00 00 00 00 00 98 8C 30 01 25 01 32 06 02 00 00 00 00 00 00 00 00 00 00 00 00 00 00 00 00 00 00 00 00 00 00 00 00 00 00 00 0C 00 00 00 00 00 00 00 00 00 00 00 00 00 00 00 00 00 00 00 00 00 00 00 00 00 00 00 00 00 00 00 00 00 00 00 00 00 00 00 00 00 00 00 00 00 00 00 00 00 00 00 00 00 00 00 00 00 00 00 00 00 00 7C 00 00 00 43 C8 44 78 6F FB 2D 35 B1 AB 
[10:27:08.524] F8 F8 C0 F0 08 00 00 00 00 97 00 14 01 14 17 1C 02 00 00 C0 87 00 00 01 88 06 2B 05 09 95 00 00 00 00 00 00 00 00 00 00 00 00 00 00 00 00 00 00 00 00 00 99 8C 30 01 25 01 32 06 02 00 00 00 00 00 00 00 00 00 00 00 00 00 00 00 00 00 00 00 00 00 00 00 00 00 00 00 0C 00 00 00 00 00 00 00 00 00 00 00 00 00 00 00 00 00 00 00 00 00 00 00 00 00 00 00 00 00 00 00 00 00 00 00 00 00 00 00 00 00 00 00 00 00 00 00 00 00 00 00 00 00 00 00 00 00 00 00 00 00 00 80 00 00 00 75 C8 44 78 6F FB 2D 35 4E 77 
[10:27:09.021] F8 F8 C0 F0 08 00 00 00 00 97 00 14 01 14 17 1C 02 00 00 C0 87 00 00 01 88 06 2B 05 09 95 00 00 00 00 00 00 00 00 00 00 00 00 00 00 00 00 00 00 00 00 00 99 8C 30 01 25 01 32 06 02 00 00 00 00 00 00 00 00 00 00 00 00 00 00 00 00 00 00 00 00 00 00 00 00 00 00 00 0C 00 00 00 00 00 00 00 00 00 00 00 00 00 00 00 00 00 00 00 00 00 00 00 00 00 00 00 00 00 00 00 00 00 00 00 00 00 00 00 00 00 00 00 00 00 00 00 00 00 00 00 00 00 00 00 00 00 00 00 00 00 00 84 00 00 00 A7 C8 44 78 6F FB 2D 35 D9 C3 
[10:27:09.515] F8 F8 C0 F0 08 00 00 00 00 97 00 14 01 14 17 1C 02 00 00 C0 87 00 00 01 88 06 2B 05 09 95 00 00 00 00 00 00 00 00 00 00 00 00 00 00 00 00 00 00 00 00 00 9C 8C 30 01 25 01 32 06 02 00 00 00 00 00 00 00 00 00 00 00 00 00 00 00 00 00 00 00 00 00 00 00 00 00 00 00 0C 00 00 00 00 00 00 00 00 00 00 00 00 00 00 00 00 00 00 00 00 00 00 00 00 00 00 00 00 00 00 00 00 00 00 00 00 00 00 00 00 00 00 00 00 00 00 00 00 00 00 00 00 00 00 00 00 00 00 00 00 00 00 88 00 00 00 D9 C8 44 78 6F FB 2D 35 0A 2F 
[10:27:10.524] F8 F8 C0 F0 08 00 00 00 00 97 00 14 01 14 17 1C 03 00 00 C0 87 00 00 01 88 06 2B 05 09 95 00 00 00 00 00 00 00 00 00 00 00 00 00 00 00 00 00 00 00 00 00 9C 8C 30 01 25 01 32 06 02 00 00 00 00 00 00 00 00 00 00 00 00 00 00 00 00 00 00 00 00 00 00 00 00 00 00 00 0C 00 00 00 00 00 00 00 00 00 00 00 00 00 00 00 00 00 00 00 00 00 00 00 00 00 00 00 00 00 00 00 00 00 00 00 00 00 00 00 00 00 00 00 00 00 00 00 00 00 00 00 00 00 00 00 00 00 00 00 00 00 00 90 00 00 00 3D C9 44 78 6F FB 2D 35 07 9C 
[10:27:11.523] F8 F8 C0 F0 08 00 00 00 00 97 00 14 01 14 17 1C 04 00 00 C0 87 00 00 01 88 06 2B 05 09 95 00 00 00 00 00 00 00 00 00 00 00 00 00 00 00 00 00 00 00 00 00 99 8C 30 01 25 01 32 06 02 00 00 00 00 00 00 00 00 00 00 00 00 00 00 00 00 00 00 00 00 00 00 00 00 00 00 00 0C 00 00 00 00 00 00 00 00 00 00 00 00 00 00 00 00 00 00 00 00 00 00 00 00 00 00 00 00 00 00 00 00 00 00 00 00 00 00 00 00 00 00 00 00 00 00 00 00 00 00 00 00 00 00 00 00 00 00 00 00 00 00 98 00 00 00 A1 C9 44 78 6F FB 2D 35 FE 18 
[10:27:13.519] F8 F8 C0 F0 08 00 00 00 00 97 00 14 01 14 17 1C 07 00 00 C0 87 00 00 01 88 06 2B 05 09 95 00 00 00 00 00 00 00 00 00 00 00 00 00 00 00 00 00 00 00 00 00 9A 8C 30 01 25 01 32 06 02 00 00 00 00 00 00 00 00 00 00 00 00 00 00 00 00 00 00 00 00 00 00 00 00 00 00 00 0C 00 00 00 00 00 00 00 00 00 00 00 00 00 00 00 00 00 00 00 00 00 00 00 00 00 00 00 00 00 00 00 00 00 00 00 00 00 00 00 00 00 00 00 00 00 00 00 00 00 00 00 00 00 00 00 00 00 00 00 00 00 00 A8 00 00 00 69 CA 44 78 6F FB 2D 35 29 29 
[10:27:14.016] F8 F8 C0 F0 08 00 00 00 00 97 00 14 01 14 17 1C 07 00 00 C0 87 00 00 01 88 06 2B 05 09 95 00 00 00 00 00 00 00 00 00 00 00 00 00 00 00 00 00 00 00 00 00 9B 8C 30 01 25 01 32 06 02 00 00 00 00 00 00 00 00 00 00 00 00 00 00 00 00 00 00 00 00 00 00 00 00 00 00 00 0C 00 00 00 00 00 00 00 00 00 00 00 00 00 00 00 00 00 00 00 00 00 00 00 00 00 00 00 00 00 00 00 00 00 00 00 00 00 00 00 00 00 00 00 00 00 00 00 00 00 00 00 00 00 00 00 00 00 00 00 00 00 00 AC 00 00 00 9B CA 44 78 6F FB 2D 35 13 2D 
[10:27:14.520] F8 F8 C0 F0 08 00 00 00 00 97 00 14 01 14 17 1C 08 00 00 C0 87 00 00 01 88 06 2B 05 09 95 00 00 00 00 00 00 00 00 00 00 00 00 00 00 00 00 00 00 00 00 00 9B 8C 30 01 25 01 32 06 02 00 00 00 00 00 00 00 00 00 00 00 00 00 00 00 00 00 00 00 00 00 00 00 00 00 00 00 0C 00 00 00 00 00 00 00 00 00 00 00 00 00 00 00 00 00 00 00 00 00 00 00 00 00 00 00 00 00 00 00 00 00 00 00 00 00 00 00 00 00 00 00 00 00 00 00 00 00 00 00 00 00 00 00 00 00 00 00 00 00 00 B0 00 00 00 CD CA 44 78 6F FB 2D 35 B3 3B 
[10:27:15.015] F8 F8 C0 F0 08 00 00 00 00 97 00 14 01 14 17 1C 08 00 00 C0 87 00 00 01 88 06 2B 05 09 95 00 00 00 00 00 00 00 00 00 00 00 00 00 00 00 00 00 00 00 00 00 9A 8C 30 01 25 01 32 06 02 00 00 00 00 00 00 00 00 00 00 00 00 00 00 00 00 00 00 00 00 00 00 00 00 00 00 00 0C 00 00 00 00 00 00 00 00 00 00 00 00 00 00 00 00 00 00 00 00 00 00 00 00 00 00 00 00 00 00 00 00 00 00 00 00 00 00 00 00 00 00 00 00 00 00 00 00 00 00 00 00 00 00 00 00 00 00 00 00 00 00 B4 00 00 00 FF CA 44 78 6F FB 2D 35 D8 34 
