
[10:25:47.877] F8 F8 C0 F0 08 00 00 00 00 97 00 14 01 14 17 1A 29 00 00 C1 87 00 01 01 98 06 2B 05 09 95 00 00 00 00 00 00 00 00 00 00 00 00 00 00 00 00 00 00 00 00 00 97 8C 30 01 24 01 32 06 02 00 00 00 00 00 00 00 00 00 00 00 00 00 00 00 00 00 00 00 00 00 00 00 00 00 00 00 0C 00 00 00 00 00 00 00 00 00 00 00 00 00 00 00 00 00 00 00 00 00 00 00 00 00 00 00 00 00 00 00 00 00 00 00 00 00 00 00 00 00 00 00 00 00 00 00 00 00 00 00 00 00 00 00 00 00 00 00 00 00 00 CB 00 
[10:25:48.048] 00 00 F5 A8 44 78 6F FB 2D 35 56 14 
[10:25:48.381] F8 F8 C0 F0 08 00 00 00 00 97 00 14 01 14 17 1A 29 00 00 C1 87 00 01 01 98 06 2B 05 09 95 00 00 00 00 00 00 00 00 00 00 00 00 00 00 00 00 00 00 00 00 00 95 8C 30 01 24 01 32 06 02 00 00 00 00 00 00 00 00 00 00 00 00 00 00 00 00 00 00 00 00 00 00 00 00 00 00 00 0C 00 00 00 00 00 00 00 00 00 00 00 00 00 00 00 00 00 00 00 00 00 00 00 00 00 00 00 00 00 00 00 00 00 00 00 00 00 00 00 00 00 00 00 00 00 00 00 00 00 00 00 00 00 00 00 00 00 00 00 00 00 00 CF 00 00 00 27 A9 44 78 6F FB 2D 35 0B 9F 
[10:25:48.876] F8 F8 C0 F0 08 00 00 00 00 97 00 14 01 14 17 1A 2A 00 00 C1 87 00 01 01 98 06 2B 05 09 95 00 00 00 00 00 00 00 00 00 00 00 00 00 00 00 00 00 00 00 00 00 96 8C 30 01 24 01 32 06 02 00 00 00 00 00 00 00 00 00 00 00 00 00 00 00 00 00 00 00 00 00 00 00 00 00 00 00 0C 00 00 00 00 00 00 00 00 00 00 00 00 00 00 00 00 00 00 00 00 00 00 00 00 00 00 00 00 00 00 00 00 00 00 00 00 00 00 00 00 00 00 00 00 00 00 00 00 00 00 00 00 00 00 00 00 00 00 00 00 00 00 D3 00 
[10:25:49.047] 00 00 59 A9 44 78 6F FB 2D 35 14 35 
[10:25:49.380] F8 F8 C0 F0 08 00 00 00 00 97 00 14 01 14 17 1A 2A 00 00 C1 87 00 01 01 98 06 2B 05 09 95 00 00 00 00 00 00 00 00 00 00 00 00 00 00 00 00 00 00 00 00 00 96 8C 30 01 24 01 32 06 02 00 00 00 00 00 00 00 00 00 00 00 00 00 00 00 00 00 00 00 00 00 00 00 00 00 00 00 0C 00 00 00 00 00 00 00 00 00 00 00 00 00 00 00 00 00 00 00 00 00 00 00 00 00 00 00 00 00 00 00 00 00 00 00 00 00 00 00 00 00 00 00 00 00 00 00 00 00 00 00 00 00 00 00 00 00 00 00 00 00 00 D7 00 00 00 8B A9 44 78 6F FB 2D 35 83 81 
[10:25:49.885] F8 F8 C0 F0 08 00 00 00 00 97 00 14 01 14 17 1A 2B 00 00 C1 87 00 01 01 98 06 2B 05 09 95 00 00 00 00 00 00 00 00 00 00 00 00 00 00 00 00 00 00 00 00 00 99 8C 30 01 24 01 32 06 02 00 00 00 00 00 00 00 00 00 00 00 00 00 00 00 00 00 00 00 00 00 00 00 00 00 00 00 0C 00 00 00 00 00 00 00 00 00 00 00 00 00 00 00 00 00 00 00 00 00 00 00 00 00 00 00 00 00 00 00 00 00 00 00 00 00 00 00 00 00 00 00 00 00 00 00 00 00 00 00 00 00 00 00 00 00 00 00 00 00 00 DB 00 00 00 BD A9 44 78 6F FB 2D 35 DF 64 
[10:25:50.379] F8 F8 C0 F0 08 00 00 00 00 97 00 14 01 14 17 1A 2B 00 00 C1 87 00 01 01 98 06 2B 05 09 95 00 00 00 00 00 00 00 00 00 00 00 00 00 00 00 00 00 00 00 00 00 99 8C 30 01 24 01 32 06 02 00 00 00 00 00 00 00 00 00 00 00 00 00 00 00 00 00 00 00 00 00 00 00 00 00 00 00 0C 00 00 00 00 00 00 00 00 00 00 00 00 00 00 00 00 00 00 00 00 00 00 00 00 00 00 00 00 00 00 00 00 00 00 00 00 00 00 00 00 00 00 00 00 00 00 00 00 00 00 00 00 00 00 00 00 00 00 00 00 00 00 DF 00 
[10:25:50.551] 00 00 EF A9 44 78 6F FB 2D 35 C9 2D 
[10:25:50.883] F8 F8 C0 F0 08 00 00 00 00 97 00 14 01 14 17 1A 2C 00 00 C1 87 00 01 01 98 06 2B 05 09 95 00 00 00 00 00 00 00 00 00 00 00 00 00 00 00 00 00 00 00 00 00 9A 8C 30 01 24 01 32 06 02 00 00 00 00 00 00 00 00 00 00 00 00 00 00 00 00 00 00 00 00 00 00 00 00 00 00 00 0C 00 00 00 00 00 00 00 00 00 00 00 00 00 00 00 00 00 00 00 00 00 00 00 00 00 00 00 00 00 00 00 00 00 00 00 00 00 00 00 00 00 00 00 00 00 00 00 00 00 00 00 00 00 00 00 00 00 00 00 00 00 00 E3 00 00 00 21 AA 44 78 6F FB 2D 35 88 F9 
[10:25:51.378] F8 F8 C0 F0 08 00 00 00 00 97 00 14 01 14 17 1A 2C 00 00 C1 87 00 01 01 98 06 2B 05 09 95 00 00 00 00 00 00 00 00 00 00 00 00 00 00 00 00 00 00 00 00 00 9A 8C 30 01 24 01 32 06 02 00 00 00 00 00 00 00 00 00 00 00 00 00 00 00 00 00 00 00 00 00 00 00 00 00 00 00 0C 00 00 00 00 00 00 00 00 00 00 00 00 00 00 00 00 00 00 00 00 00 00 00 00 00 00 00 00 00 00 00 00 00 00 00 00 00 00 00 00 00 00 00 00 00 00 00 00 00 00 00 00 00 00 00 00 00 00 00 00 00 00 E7 00 
[10:25:51.549] 00 00 53 AA 44 78 6F FB 2D 35 F6 CB 
[10:25:51.882] F8 F8 C0 F0 08 00 00 00 00 97 00 14 01 14 17 1A 2D 00 00 C1 87 00 01 01 98 06 2B 05 09 95 00 00 00 00 00 00 00 00 00 00 00 00 00 00 00 00 00 00 00 00 00 99 8C 30 01 24 01 32 06 02 00 00 00 00 00 00 00 00 00 00 00 00 00 00 00 00 00 00 00 00 00 00 00 00 00 00 00 0C 00 00 00 00 00 00 00 00 00 00 00 00 00 00 00 00 00 00 00 00 00 00 00 00 00 00 00 00 00 00 00 00 00 00 00 00 00 00 00 00 00 00 00 00 00 00 00 00 00 00 00 00 00 00 00 00 00 00 00 00 00 00 EB 00 00 00 85 AA 44 78 6F FB 2D 35 0A 7F 
[10:25:52.384] F8 F8 C0 F0 08 00 00 00 00 97 00 14 01 14 17 1A 2E 00 00 C1 87 00 01 01 98 06 2B 05 09 95 00 00 00 00 00 00 00 00 00 00 00 00 00 00 00 00 00 00 00 00 00 97 8C 30 01 24 01 32 06 02 00 00 00 00 00 00 00 00 00 00 00 00 00 00 00 00 00 00 00 00 00 00 00 00 00 00 00 0C 00 00 00 00 00 00 00 00 00 00 00 00 00 00 00 00 00 00 00 00 00 00 00 00 00 00 00 00 00 00 00 00 00 00 00 00 00 00 00 00 00 00 00 00 00 00 00 00 00 00 00 00 00 00 00 00 00 00 00 00 00 00 EF 00 00 00 B7 AA 44 78 6F FB 2D 35 D6 F4 
[10:25:52.880] F8 F8 C0 F0 08 00 00 00 00 97 00 14 01 14 17 1A 2E 00 00 C1 87 00 01 01 98 06 2B 05 09 95 00 00 00 00 00 00 00 00 00 00 00 00 00 00 00 00 00 00 00 00 00 97 8C 30 01 24 01 32 06 02 00 00 00 00 00 00 00 00 00 00 00 00 00 00 00 00 00 00 00 00 00 00 00 00 00 00 00 0C 00 00 00 00 00 00 00 00 00 00 00 00 00 00 00 00 00 00 00 00 00 00 00 00 00 00 00 00 00 00 00 00 00 00 00 00 00 00 00 00 00 00 00 00 00 00 00 00 00 00 00 00 00 00 00 00 00 00 00 00 00 00 03 00 00 00 E9 AA 44 78 6F FB 2D 35 9E AE 
[10:25:53.382] F8 F8 C0 F0 08 00 00 00 00 97 00 14 01 14 17 1A 2F 00 00 C1 87 00 01 01 98 06 2B 05 09 95 00 00 00 00 00 00 00 00 00 00 00 00 00 00 00 00 00 00 00 00 00 97 8C 30 01 24 01 32 06 02 00 00 00 00 00 00 00 00 00 00 00 00 00 00 00 00 00 00 00 00 00 00 00 00 00 00 00 0C 00 00 00 00 00 00 00 00 00 00 00 00 00 00 00 00 00 00 00 00 00 00 00 00 00 00 00 00 00 00 00 00 00 00 00 00 00 00 00 00 00 00 00 00 00 00 00 00 00 00 00 00 00 00 00 00 00 00 00 00 00 00 07 00 00 00 1B AB 44 78 6F FB 2D 35 C0 81 

[10:25:54.381] F8 F8 C0 F0 08 00 00 00 00 97 00 14 01 14 17 1A 30 00 00 C1 87 00 01 01 98 06 2B 05 09 95 00 00 00 00 00 00 00 00 00 00 00 00 00 00 00 00 00 00 00 00 00 9A 8C 30 01 24 01 32 06 02 00 00 00 00 00 00 00 00 00 00 00 00 00 00 00 00 00 00 00 00 00 00 00 00 00 00 00 0C 00 00 00 00 00 00 00 00 00 00 00 00 00 00 00 00 00 00 00 00 00 00 00 00 00 00 00 00 00 00 00 00 00 00 00 00 00 00 00 00 00 00 00 00 00 00 00 00 00 00 00 00 00 00 00 00 00 00 00 00 00 00 0F 00 00 00 7F AB 44 78 6F FB 2D 35 67 52 

[10:25:55.382] F8 F8 C0 F0 08 00 00 00 00 97 00 14 01 14 17 1A 31 00 00 C1 87 00 01 01 98 06 2B 05 09 95 00 00 00 00 00 00 00 00 00 00 00 00 00 00 00 00 00 00 00 00 00 9A 8C 30 01 24 01 32 06 02 00 00 00 00 00 00 00 00 00 00 00 00 00 00 00 00 00 00 00 00 00 00 00 00 00 00 00 0C 00 00 00 00 00 00 00 00 00 00 00 00 00 00 00 00 00 00 00 00 00 00 00 00 00 00 00 00 00 00 00 00 00 00 00 00 00 00 00 00 00 00 00 00 00 00 00 00 00 00 00 00 00 00 00 00 00 00 00 00 00 00 17 00 00 00 E3 AB 44 78 6F FB 2D 35 DD F7 
[10:25:55.877] F8 F8 C0 F0 08 00 00 00 00 97 00 14 01 14 17 1A 31 00 00 C1 87 00 01 01 98 06 2B 05 09 95 00 00 00 00 00 00 00 00 00 00 00 00 00 00 00 00 00 00 00 00 00 97 8C 30 01 24 01 32 06 02 00 00 00 00 00 00 00 00 00 00 00 00 00 00 00 00 00 00 00 00 00 00 00 00 00 00 00 0C 00 00 00 00 00 00 00 00 00 00 00 00 00 00 00 00 00 00 00 00 00 00 00 00 00 00 00 00 00 00 00 00 00 00 00 00 00 00 00 00 00 00 00 00 00 00 00 00 00 00 00 00 00 00 00 00 00 00 00 00 00 00 1B 00 00 00 15 AC 44 78 6F FB 2D 35 FF DF 
[10:25:56.382] F8 F8 C0 F0 08 00 00 00 00 97 00 14 01 14 17 1A 31 00 00 C1 87 00 01 01 98 06 2B 05 09 95 00 00 00 00 00 00 00 00 00 00 00 00 00 00 00 00 00 00 00 00 00 97 8C 30 01 24 01 32 06 02 00 00 00 00 00 00 00 00 00 00 00 00 00 00 00 00 00 00 00 00 00 00 00 00 00 00 00 0C 00 00 00 00 00 00 00 00 00 00 00 00 00 00 00 00 00 00 00 00 00 00 00 00 00 00 00 00 00 00 00 00 00 00 00 00 00 00 00 00 00 00 00 00 00 00 00 00 00 00 00 00 00 00 00 00 00 00 00 00 00 00 1F 00 00 00 47 AC 44 78 6F FB 2D 35 E9 96 
[10:25:56.884] F8 F8 C0 F0 08 00 00 00 00 97 00 14 01 14 17 1A 32 00 00 C1 87 00 01 01 98 06 2B 05 09 95 00 00 00 00 00 00 00 00 00 00 00 00 00 00 00 00 00 00 00 00 00 99 8C 30 01 24 01 32 06 02 00 00 00 00 00 00 00 00 00 00 00 00 00 00 00 00 00 00 00 00 00 00 00 00 00 00 00 0C 00 00 00 00 00 00 00 00 00 00 00 00 00 00 00 00 00 00 00 00 00 00 00 00 00 00 00 00 00 00 00 00 00 00 00 00 00 00 00 00 00 00 00 00 00 00 00 00 00 00 00 00 00 00 00 00 00 00 00 00 00 00 23 00 00 00 79 AC 44 78 6F FB 2D 35 DA 4E 
[10:25:57.401] F8 F8 C0 F0 08 00 00 00 00 97 00 14 01 14 17 1A 32 00 00 C1 87 00 01 01 98 06 2B 05 09 95 00 00 00 00 00 00 00 00 00 00 00 00 00 00 00 00 00 00 00 00 00 99 8C 30 01 24 01 32 06 02 00 00 00 00 00 00 00 00 00 00 00 00 00 00 00 00 00 00 00 00 00 00 00 00 00 00 00 0C 00 00 00 00 00 00 00 00 00 00 00 00 00 00 00 00 00 00 00 00 00 00 00 00 00 00 00 00 00 00 00 00 00 00 00 00 00 00 00 00 00 00 00 00 00 00 00 00 00 00 00 00 00 00 00 00 00 00 00 00 00 00 27 00 00 00 AD AC 44 78 6F FB 2D 35 86 7A 
[10:25:57.904] F8 F8 C0 F0 08 00 00 00 00 97 00 14 01 14 17 1A 33 00 00 C1 87 00 01 01 98 06 2B 05 09 95 00 00 00 00 00 00 00 00 00 00 00 00 00 00 00 00 00 00 00 00 00 97 8C 30 01 24 01 32 06 02 00 00 00 00 00 00 00 00 00 00 00 00 00 00 00 00 00 00 00 00 00 00 00 00 00 00 00 0C 00 00 00 00 00 00 00 00 00 00 00 00 00 00 00 00 00 00 00 00 00 00 00 00 00 00 00 00 00 00 00 00 00 00 00 00 00 00 00 00 00 00 00 00 00 00 00 00 00 00 00 00 00 00 00 00 00 00 00 00 00 00 2B 00 00 00 DF AC 44 78 6F FB 2D 35 A2 AD 
[10:25:58.400] F8 F8 C0 F0 08 00 00 00 00 97 00 14 01 14 17 1A 33 00 00 C1 87 00 01 01 98 06 2B 05 09 95 00 00 00 00 00 00 00 00 00 00 00 00 00 00 00 00 00 00 00 00 00 97 8C 30 01 24 01 32 06 02 00 00 00 00 00 00 00 00 00 00 00 00 00 00 00 00 00 00 00 00 00 00 00 00 00 00 00 0C 00 00 00 00 00 00 00 00 00 00 00 00 00 00 00 00 00 00 00 00 00 00 00 00 00 00 00 00 00 00 00 00 00 00 00 00 00 00 00 00 00 00 00 00 00 00 00 00 00 00 00 00 00 00 00 00 00 00 00 00 00 00 2F 00 00 00 11 AD 44 78 6F FB 2D 35 57 8D 
[10:25:58.903] F8 F8 C0 F0 08 00 00 00 00 97 00 14 01 14 17 1A 34 00 00 C1 87 00 01 01 98 06 2B 05 09 95 00 00 00 00 00 00 00 00 00 00 00 00 00 00 00 00 00 00 00 00 00 99 8C 30 01 24 01 32 06 02 00 00 00 00 00 00 00 00 00 00 00 00 00 00 00 00 00 00 00 00 00 00 00 00 00 00 00 0C 00 00 00 00 00 00 00 00 00 00 00 00 00 00 00 00 00 00 00 00 00 00 00 00 00 00 00 00 00 00 00 00 00 00 00 00 00 00 00 00 00 00 00 00 00 00 00 00 00 00 00 00 00 00 00 00 00 00 00 00 00 00 33 00 00 00 43 AD 44 78 6F FB 2D 35 EA D4 
[10:25:59.399] F8 F8 C0 F0 08 00 00 00 00 97 00 14 01 14 17 1A 34 00 00 C1 87 00 01 01 98 06 2B 05 09 95 00 00 00 00 00 00 00 00 00 00 00 00 00 00 00 00 00 00 00 00 00 9B 8C 30 01 24 01 32 06 02 00 00 00 00 00 00 00 00 00 00 00 00 00 00 00 00 00 00 00 00 00 00 00 00 00 00 00 0C 00 00 00 00 00 00 00 00 00 00 00 00 00 00 00 00 00 00 00 00 00 00 00 00 00 00 00 00 00 00 00 00 00 00 00 00 00 00 00 00 00 00 00 00 00 00 00 00 00 00 00 00 00 00 00 00 00 00 00 00 00 00 37 00 00 00 75 AD 44 78 6F FB 2D 35 82 98 
[10:25:59.894] F8 F8 C0 F0 08 00 00 00 00 97 00 14 01 14 17 1A 35 00 00 C1 87 00 01 01 98 06 2B 05 09 95 00 00 00 00 00 00 00 00 00 00 00 00 00 00 00 00 00 00 00 00 00 99 8C 30 01 24 01 32 06 02 00 00 00 00 00 00 00 00 00 00 00 00 00 00 00 00 00 00 00 00 00 00 00 00 00 00 00 0C 00 00 00 00 00 00 00 00 00 00 00 00 00 00 00 00 00 00 00 00 00 00 00 00 00 00 00 00 00 00 00 00 00 00 00 00 00 00 00 00 00 00 00 00 00 00 00 00 00 00 00 00 00 00 00 00 00 00 00 00 00 00 3B 00 
[10:26:00.066] 00 00 A7 AD 44 78 6F FB 2D 35 D6 E8 
[10:26:00.399] F8 F8 C0 F0 08 00 00 00 00 97 00 14 01 14 17 1A 35 00 00 C1 87 00 01 01 98 06 2B 05 09 95 00 00 00 00 00 00 00 00 00 00 00 00 00 00 00 00 00 00 00 00 00 9A 8C 30 01 24 01 32 06 02 00 00 00 00 00 00 00 00 00 00 00 00 00 00 00 00 00 00 00 00 00 00 00 00 00 00 00 0C 00 00 00 00 00 00 00 00 00 00 00 00 00 00 00 00 00 00 00 00 00 00 00 00 00 00 00 00 00 00 00 00 00 00 00 00 00 00 00 00 00 00 00 00 00 00 00 00 00 00 00 00 00 00 00 00 00 00 00 00 00 00 3F 00 00 00 D9 AD 44 78 6F FB 2D 35 71 87 
[10:26:00.893] F8 F8 C0 F0 08 00 00 00 00 97 00 14 01 14 17 1A 36 00 00 C1 87 00 01 01 98 06 2B 05 09 95 00 00 00 00 00 00 00 00 00 00 00 00 00 00 00 00 00 00 00 00 00 99 8C 30 01 25 01 32 06 02 00 00 00 00 00 00 00 00 00 00 00 00 00 00 00 00 00 00 00 00 00 00 00 00 00 00 00 0C 00 00 00 00 00 00 00 00 00 00 00 00 00 00 00 00 00 00 00 00 00 00 00 00 00 00 00 00 00 00 00 00 00 00 00 00 00 00 00 00 00 00 00 00 00 00 00 00 00 00 00 00 00 00 00 00 00 00 00 00 00 00 43 00 00 00 0B AE 44 78 6F FB 2D 35 9E 83 
[10:26:01.398] F8 F8 C0 F0 08 00 00 00 00 97 00 14 01 14 17 1A 37 00 00 C1 87 00 01 01 98 06 2B 05 09 95 00 00 00 00 00 00 00 00 00 00 00 00 00 00 00 00 00 00 00 00 00 97 8C 30 01 25 01 32 06 02 00 00 00 00 00 00 00 00 00 00 00 00 00 00 00 00 00 00 00 00 00 00 00 00 00 00 00 0C 00 00 00 00 00 00 00 00 00 00 00 00 00 00 00 00 00 00 00 00 00 00 00 00 00 00 00 00 00 00 00 00 00 00 00 00 00 00 00 00 00 00 00 00 00 00 00 00 00 00 00 00 00 00 00 00 00 00 00 00 00 00 47 00 00 00 3D AE 44 78 6F FB 2D 35 AF B6 
[10:26:01.892] F8 F8 C0 F0 08 00 00 00 00 97 00 14 01 14 17 1A 37 00 00 C1 87 00 01 01 98 06 2B 05 09 95 00 00 00 00 00 00 00 00 00 00 00 00 00 00 00 00 00 00 00 00 00 97 8C 30 01 25 01 32 06 02 00 00 00 00 00 00 00 00 00 00 00 00 00 00 00 00 00 00 00 00 00 00 00 00 00 00 00 0C 00 00 00 00 00 00 00 00 00 00 00 00 00 00 00 00 00 00 00 00 00 00 00 00 00 00 00 00 00 00 00 00 00 00 00 00 00 00 00 00 00 00 00 00 00 00 00 00 00 00 00 00 00 00 00 00 00 00 00 00 00 00 4B 00 00 00 6F AE 44 78 6F FB 2D 35 11 E4 
[10:26:02.397] F8 F8 C0 F0 08 00 00 00 00 97 00 14 01 14 17 1A 38 00 00 C1 87 00 01 01 98 06 2B 05 09 95 00 00 00 00 00 00 00 00 00 00 00 00 00 00 00 00 00 00 00 00 00 98 8C 30 01 25 01 32 06 02 00 00 00 00 00 00 00 00 00 00 00 00 00 00 00 00 00 00 00 00 00 00 00 00 00 00 00 0C 00 00 00 00 00 00 00 00 00 00 00 00 00 00 00 00 00 00 00 00 00 00 00 00 00 00 00 00 00 00 00 00 00 00 00 00 00 00 00 00 00 00 00 00 00 00 00 00 00 00 00 00 00 00 00 00 00 00 00 00 00 00 4F 00 00 00 A1 AE 44 78 6F FB 2D 35 51 6D 
[10:26:02.902] F8 F8 C0 F0 08 00 00 00 00 97 00 14 01 14 17 1A 38 00 00 C1 87 00 01 01 98 06 2B 05 09 95 00 00 00 00 00 00 00 00 00 00 00 00 00 00 00 00 00 00 00 00 00 97 8C 30 01 25 01 32 06 02 00 00 00 00 00 00 00 00 00 00 00 00 00 00 00 00 00 00 00 00 00 00 00 00 00 00 00 0C 00 00 00 00 00 00 00 00 00 00 00 00 00 00 00 00 00 00 00 00 00 00 00 00 00 00 00 00 00 00 00 00 00 00 00 00 00 00 00 00 00 00 00 00 00 00 00 00 00 00 00 00 00 00 00 00 00 00 00 00 00 00 53 00 00 00 D3 AE 44 78 6F FB 2D 35 20 1E 
[10:26:03.396] F8 F8 C0 F0 08 00 00 00 00 97 00 14 01 14 17 1A 39 00 00 C1 87 00 01 01 98 06 2B 05 09 95 00 00 00 00 00 00 00 00 00 00 00 00 00 00 00 00 00 00 00 00 00 97 8C 30 01 25 01 32 06 02 00 00 00 00 00 00 00 00 00 00 00 00 00 00 00 00 00 00 00 00 00 00 00 00 00 00 00 0C 00 00 00 00 00 00 00 00 00 00 00 00 00 00 00 00 00 00 00 00 00 00 00 00 00 00 00 00 00 00 00 00 00 00 00 00 00 00 00 00 00 00 00 00 00 00 00 00 00 00 00 00 00 00 00 00 00 00 00 00 00 00 57 00 00 00 05 AF 44 78 6F FB 2D 35 7B 45 
[10:26:03.900] F8 F8 C0 F0 08 00 00 00 00 97 00 14 01 14 17 1A 39 00 00 C1 87 00 01 01 98 06 2B 05 09 95 00 00 00 00 00 00 00 00 00 00 00 00 00 00 00 00 00 00 00 00 00 97 8C 30 01 24 01 32 06 02 00 00 00 00 00 00 00 00 00 00 00 00 00 00 00 00 00 00 00 00 00 00 00 00 00 00 00 0C 00 00 00 00 00 00 00 00 00 00 00 00 00 00 00 00 00 00 00 00 00 00 00 00 00 00 00 00 00 00 00 00 00 00 00 00 00 00 00 00 00 00 00 00 00 00 00 00 00 00 00 00 00 00 00 00 00 00 00 00 00 00 5B 00 00 00 37 AF 44 78 6F FB 2D 35 B1 C8 
[10:26:04.395] F8 F8 C0 F0 08 00 00 00 00 97 00 14 01 14 17 1A 3A 00 00 C1 87 00 01 01 98 06 2B 05 09 95 00 00 00 00 00 00 00 00 00 00 00 00 00 00 00 00 00 00 00 00 00 97 8C 30 01 24 01 32 06 02 00 00 00 00 00 00 00 00 00 00 00 00 00 00 00 00 00 00 00 00 00 00 00 00 00 00 00 0C 00 00 00 00 00 00 00 00 00 00 00 00 00 00 00 00 00 00 00 00 00 00 00 00 00 00 00 00 00 00 00 00 00 00 00 00 00 00 00 00 00 00 00 00 00 00 00 00 00 00 00 00 00 00 00 00 00 00 00 00 00 00 5F 00 00 00 69 AF 44 78 6F FB 2D 35 50 79 
[10:26:04.899] F8 F8 C0 F0 08 00 00 00 00 97 00 14 01 14 17 1A 3A 00 00 C1 87 00 01 01 98 06 2B 05 09 95 00 00 00 00 00 00 00 00 00 00 00 00 00 00 00 00 00 00 00 00 00 99 8C 30 01 24 01 32 06 02 00 00 00 00 00 00 00 00 00 00 00 00 00 00 00 00 00 00 00 00 00 00 00 00 00 00 00 0C 00 00 00 00 00 00 00 00 00 00 00 00 00 00 00 00 00 00 00 00 00 00 00 00 00 00 00 00 00 00 00 00 00 00 00 00 00 00 00 00 00 00 00 00 00 00 00 00 00 00 00 00 00 00 00 00 00 00 00 00 00 00 63 00 00 00 9B AF 44 78 6F FB 2D 35 C5 52 
[10:26:05.404] F8 F8 C0 F0 08 00 00 00 00 97 00 14 01 14 17 1A 3B 00 00 C1 87 00 01 01 98 06 2B 05 09 95 00 00 00 00 00 00 00 00 00 00 00 00 00 00 00 00 00 00 00 00 00 98 8C 30 01 24 01 32 06 02 00 00 00 00 00 00 00 00 00 00 00 00 00 00 00 00 00 00 00 00 00 00 00 00 00 00 00 0C 00 00 00 00 00 00 00 00 00 00 00 00 00 00 00 00 00 00 00 00 00 00 00 00 00 00 00 00 00 00 00 00 00 00 00 00 00 00 00 00 00 00 00 00 00 00 00 00 00 00 00 00 00 00 00 00 00 00 00 00 00 00 67 00 00 00 CD AF 44 78 6F FB 2D 35 BB 87 
[10:26:05.898] F8 F8 C0 F0 08 00 00 00 00 97 00 14 01 14 17 1A 3B 00 00 C1 87 00 01 01 98 06 2B 05 09 95 00 00 00 00 00 00 00 00 00 00 00 00 00 00 00 00 00 00 00 00 00 99 8C 30 01 24 01 32 06 02 00 00 00 00 00 00 00 00 00 00 00 00 00 00 00 00 00 00 00 00 00 00 00 00 00 00 00 0C 00 00 00 00 00 00 00 00 00 00 00 00 00 00 00 00 00 00 00 00 00 00 00 00 00 00 00 00 00 00 00 00 00 00 00 00 00 00 00 00 00 00 00 00 00 00 00 00 00 00 00 00 00 00 00 00 00 00 00 00 00 00 6B 00 00 00 FF AF 44 78 6F FB 2D 35 78 93 
[10:26:06.403] F8 F8 C0 F0 08 00 00 00 00 97 00 14 01 14 17 1A 3B 00 00 C1 87 00 01 01 98 06 2B 05 09 95 00 00 00 00 00 00 00 00 00 00 00 00 00 00 00 00 00 00 00 00 00 98 8C 30 01 24 01 32 06 02 00 00 00 00 00 00 00 00 00 00 00 00 00 00 00 00 00 00 00 00 00 00 00 00 00 00 00 0C 00 00 00 00 00 00 00 00 00 00 00 00 00 00 00 00 00 00 00 00 00 00 00 00 00 00 00 00 00 00 00 00 00 00 00 00 00 00 00 00 00 00 00 00 00 00 00 00 00 00 00 00 00 00 00 00 00 00 00 00 00 00 6F 00 00 00 31 B0 44 78 6F FB 2D 35 BB 7D 
[10:26:06.898] F8 F8 C0 F0 08 00 00 00 00 97 00 14 01 14 17 1B 00 00 00 C1 87 00 01 01 98 06 2B 05 09 95 00 00 00 00 00 00 00 00 00 00 00 00 00 00 00 00 00 00 00 00 00 98 8C 30 01 24 01 32 06 02 00 00 00 00 00 00 00 00 00 00 00 00 00 00 00 00 00 00 00 00 00 00 00 00 00 00 00 0C 00 00 00 00 00 00 00 00 00 00 00 00 00 00 00 00 00 00 00 00 00 00 00 00 00 00 00 00 00 00 00 00 00 00 00 00 00 00 00 00 00 00 00 00 00 00 00 00 00 00 00 00 00 00 00 00 00 00 00 00 00 00 73 00 00 00 63 B0 44 78 6F FB 2D 35 64 79 
[10:26:07.402] F8 F8 C0 F0 08 00 00 00 00 97 00 14 01 14 17 1B 00 00 00 C1 87 00 01 01 98 06 2B 05 09 95 00 00 00 00 00 00 00 00 00 00 00 00 00 00 00 00 00 00 00 00 00 9B 8C 30 01 24 01 32 06 02 00 00 00 00 00 00 00 00 00 00 00 00 00 00 00 00 00 00 00 00 00 00 00 00 00 00 00 0C 00 00 00 00 00 00 00 00 00 00 00 00 00 00 00 00 00 00 00 00 00 00 00 00 00 00 00 00 00 00 00 00 00 00 00 00 00 00 00 00 00 00 00 00 00 00 00 00 00 00 00 00 00 00 00 00 00 00 00 00 00 00 77 00 00 00 95 B0 44 78 6F FB 2D 35 98 F5 
[10:26:07.897] F8 F8 C0 F0 08 00 00 00 00 97 00 14 01 14 17 1B 01 00 00 C1 87 00 01 01 98 06 2B 05 09 95 00 00 00 00 00 00 00 00 00 00 00 00 00 00 00 00 00 00 00 00 00 9B 8C 30 01 24 01 32 06 02 00 00 00 00 00 00 00 00 00 00 00 00 00 00 00 00 00 00 00 00 00 00 00 00 00 00 00 0C 00 00 00 00 00 00 00 00 00 00 00 00 00 00 00 00 00 00 00 00 00 00 00 00 00 00 00 00 00 00 00 00 00 00 00 00 00 00 00 00 00 00 00 00 00 00 00 00 00 00 00 00 00 00 00 00 00 00 00 00 00 00 7B 00 00 00 C7 B0 44 78 6F FB 2D 35 E6 FF 
[10:26:08.401] F8 F8 C0 F0 08 00 00 00 00 97 00 14 01 14 17 1B 01 00 00 C1 87 00 01 01 98 06 2B 05 09 95 00 00 00 00 00 00 00 00 00 00 00 00 00 00 00 00 00 00 00 00 00 9B 8C 30 01 24 01 32 06 02 00 00 00 00 00 00 00 00 00 00 00 00 00 00 00 00 00 00 00 00 00 00 00 00 00 00 00 0C 00 00 00 00 00 00 00 00 00 00 00 00 00 00 00 00 00 00 00 00 00 00 00 00 00 00 00 00 00 00 00 00 00 00 00 00 00 00 00 00 00 00 00 00 00 00 00 00 00 00 00 00 00 00 00 00 00 00 00 00 00 00 7F 00 00 00 F9 B0 44 78 6F FB 2D 35 FF 2A 
[10:26:08.916] F8 F8 C0 F0 08 00 00 00 00 97 00 14 01 14 17 1B 02 00 00 C1 87 00 01 01 98 06 2B 05 09 95 00 00 00 00 00 00 00 00 00 00 00 00 00 00 00 00 00 00 00 00 00 99 8C 30 01 24 01 32 06 02 00 00 00 00 00 00 00 00 00 00 00 00 00 00 00 00 00 00 00 00 00 00 00 00 00 00 00 0C 00 00 00 00 00 00 00 00 00 00 00 00 00 00 00 00 00 00 00 00 00 00 00 00 00 00 00 00 00 00 00 00 00 00 00 00 00 00 00 00 00 00 00 00 00 00 00 00 00 00 00 00 00 00 00 00 00 00 00 00 00 00 83 00 00 00 2D B1 44 78 6F FB 2D 35 90 FD 
[10:26:09.420] F8 F8 C0 F0 08 00 00 00 00 97 00 14 01 14 17 1B 02 00 00 C1 87 00 01 01 98 06 2B 05 09 95 00 00 00 00 00 00 00 00 00 00 00 00 00 00 00 00 00 00 00 00 00 99 8C 30 01 24 01 32 06 02 00 00 00 00 00 00 00 00 00 00 00 00 00 00 00 00 00 00 00 00 00 00 00 00 00 00 00 0C 00 00 00 00 00 00 00 00 00 00 00 00 00 00 00 00 00 00 00 00 00 00 00 00 00 00 00 00 00 00 00 00 00 00 00 00 00 00 00 00 00 00 00 00 00 00 00 00 00 00 00 00 00 00 00 00 00 00 00 00 00 00 87 00 00 00 5F B1 44 78 6F FB 2D 35 EE CF 